GWC_lambda
shape: (32, 4, 3, 3)
[[[[ 1.01612464e-01,  1.43312484e-01,  1.01046458e-01],
   [ 8.63374621e-02, -7.60465935e-02, -6.61508664e-02],
   [-8.68020356e-02,  5.65036805e-03, -1.53052911e-01]],

  [[ 7.51046091e-02,  1.17822371e-01,  1.69644058e-01],
   [-1.73503622e-01,  1.77674592e-01, -9.26860943e-02],
   [ 1.18262284e-02,  1.82334140e-01,  1.28759608e-01]],

  [[-5.93733042e-02,  1.05554394e-01, -1.85187355e-01],
   [ 1.50114402e-01,  1.19718723e-01, -4.68145609e-02],
   [ 2.04379186e-02, -6.02585003e-02, -1.44455686e-01]],

  [[-8.94982889e-02, -4.88920398e-02, -1.37120336e-01],
   [-1.45747229e-01,  2.72118598e-02, -7.57708028e-02],
   [-1.39434397e-01,  6.97366009e-03, -6.69522285e-02]]],


 [[[ 1.52873173e-01, -6.49589673e-02, -9.23654139e-02],
   [-3.41195203e-02, -1.51849732e-01,  9.61647183e-02],
   [ 1.35479718e-01, -1.06222942e-01, -6.92475736e-02]],

  [[ 1.35419220e-01, -1.38471216e-01,  1.67389996e-02],
   [-1.55097798e-01, -1.51347175e-01, -2.78455094e-02],
   [-8.85806829e-02,  9.03603211e-02, -5.01197353e-02]],

  [[ 1.92965884e-02, -8.37758780e-02,  9.62223634e-02],
   [ 1.86021060e-01, -4.21185559e-03, -6.72505870e-02],
   [-1.75817207e-01,  1.65454447e-01,  8.23162869e-02]],

  [[ 7.21008256e-02,  4.25638482e-02,  1.00402117e-01],
   [ 7.47555420e-02,  1.11302108e-01,  1.20970860e-01],
   [ 3.18184495e-02,  1.62151709e-01,  1.17425576e-01]]],


 [[[-2.43083276e-02, -9.38289687e-02,  5.87596046e-03],
   [ 1.02439232e-01,  7.29900748e-02, -8.43377113e-02],
   [-2.91751157e-02,  5.66286631e-02,  3.60111669e-02]],

  [[ 1.49946749e-01,  6.74562231e-02,  3.58689427e-02],
   [ 6.56959862e-02, -1.39939576e-01, -5.03519438e-02],
   [ 3.05713695e-02, -9.05800015e-02, -1.14756972e-01]],

  [[ 1.38983697e-01,  7.49618337e-02, -1.19843565e-01],
   [-3.47374985e-03,  9.74532217e-02,  8.96001682e-02],
   [ 1.23606779e-01, -9.64271948e-02,  3.59442644e-02]],

  [[-1.04582064e-01,  1.07233571e-02, -7.68771321e-02],
   [ 1.93257281e-03,  1.24395587e-01,  1.17612243e-01],
   [-7.21236169e-02, -2.67007090e-02, -2.63462644e-02]]],


 [[[-6.80146813e-02, -1.02450065e-01,  1.27236873e-01],
   [ 1.35808304e-01,  1.64121822e-01, -1.14341326e-01],
   [ 1.50365412e-01, -6.06944226e-02, -4.65827584e-02]],

  [[-5.00553325e-02,  7.03830505e-03, -7.16910139e-02],
   [-1.22085901e-03, -1.06851555e-01,  1.11210942e-01],
   [-1.61116645e-01, -5.73355891e-02, -1.29025981e-01]],

  [[ 1.34120151e-01,  1.04345970e-01, -1.33455426e-01],
   [-5.66554815e-02,  1.83612943e-01,  1.45102860e-02],
   [ 1.41091511e-01, -1.36217386e-01,  9.34322029e-02]],

  [[ 8.51109102e-02, -7.19480366e-02, -1.93297807e-02],
   [ 1.14147298e-01,  2.34993082e-02,  6.75018057e-02],
   [-1.06162392e-02, -7.46510327e-02, -1.13243774e-01]]],


 [[[ 1.56100899e-01, -3.55786681e-02,  1.55744061e-01],
   [ 1.58616796e-01, -1.11781597e-01,  2.05659550e-02],
   [-5.71206249e-02, -2.12260019e-02,  1.14630260e-01]],

  [[ 8.71888027e-02, -8.40708092e-02, -1.08620539e-01],
   [-1.24101691e-01, -1.20570093e-01,  8.69785920e-02],
   [-9.96980667e-02,  1.58482784e-04, -2.52164179e-03]],

  [[ 4.91177402e-02, -2.77770609e-02,  1.16718747e-01],
   [ 4.48551551e-02,  1.21055268e-01,  6.04965203e-02],
   [-1.01520261e-02,  3.14159878e-02,  1.31619573e-01]],

  [[ 3.76889706e-02,  1.45535141e-01,  6.73632324e-03],
   [ 1.50598679e-02,  1.69534221e-01, -1.29792958e-01],
   [ 3.75845768e-02,  1.76496312e-01, -6.77178204e-02]]],


 [[[-4.62826714e-02, -3.62224951e-02,  3.63939963e-02],
   [ 7.43168890e-02,  7.72594437e-02,  6.10879622e-02],
   [-1.01394609e-01,  6.20279759e-02, -7.20635578e-02]],

  [[ 1.18838444e-01, -3.97782214e-02, -1.37320757e-01],
   [ 3.70197347e-03,  5.75918332e-02, -4.21647029e-03],
   [ 2.53816918e-02,  1.71219744e-02,  1.08922347e-01]],

  [[ 6.14082860e-03, -1.48811817e-01, -1.27767906e-01],
   [ 1.93369240e-02,  2.89642494e-02,  1.87914312e-01],
   [-6.39693961e-02,  1.14483774e-01, -1.51778460e-01]],

  [[-1.55998915e-01, -1.88700762e-02, -1.14146315e-01],
   [-3.03468481e-02,  4.88256998e-02, -1.17300145e-01],
   [ 1.10353030e-01, -1.19554810e-01,  1.33219704e-01]]],


 [[[ 7.03876317e-02, -4.61671986e-02, -1.52898073e-01],
   [ 1.84146725e-02, -9.23628658e-02,  1.44692838e-01],
   [-1.45671055e-01, -4.20985594e-02, -9.91141051e-02]],

  [[-1.27488121e-01, -9.05516669e-02, -3.30280252e-02],
   [ 1.83031021e-03,  6.27951231e-03,  6.76388964e-02],
   [-6.72844872e-02, -1.12524897e-01, -3.54158953e-02]],

  [[ 1.81869298e-01, -1.93728469e-02, -1.42043725e-01],
   [ 1.46316066e-01,  7.41141737e-02,  5.90508804e-02],
   [ 3.53377834e-02,  1.31813601e-01, -6.56460896e-02]],

  [[ 1.20839834e-01,  1.64418250e-01, -4.66578640e-02],
   [ 1.09841123e-01,  1.09725542e-01,  1.61964968e-01],
   [-3.34815867e-02, -7.60406554e-02, -4.87053171e-02]]],


 [[[-1.11125797e-01,  9.73453093e-03,  1.82706296e-01],
   [ 1.81974813e-01,  1.12987824e-01,  3.16172838e-02],
   [ 2.00678296e-02,  1.33842289e-01,  1.19161032e-01]],

  [[-3.43128480e-02, -6.28629997e-02,  4.37247679e-02],
   [-1.44154560e-02, -1.12546749e-01, -9.47599486e-02],
   [ 1.20609887e-01,  1.24853715e-01, -7.74170309e-02]],

  [[-1.92599390e-02, -6.87464923e-02, -3.30791026e-02],
   [ 1.65176809e-01, -1.44157827e-01,  9.65206623e-02],
   [-1.43478185e-01, -6.20829649e-02, -1.31520098e-02]],

  [[-1.14392973e-02, -4.89792414e-02, -9.05535147e-02],
   [-9.93644446e-02, -1.16565540e-01, -1.40483439e-01],
   [-1.12953015e-01,  1.50801346e-01, -8.87663364e-02]]],


 [[[-1.27726510e-01,  1.26587808e-01,  8.45468119e-02],
   [ 1.26110196e-01, -1.26680642e-01, -1.72436550e-01],
   [-1.21734463e-01, -9.94659737e-02,  1.67460851e-02]],

  [[ 5.87321483e-02,  8.46177712e-02, -1.65958807e-01],
   [ 6.33876473e-02, -1.16871312e-01,  7.62827322e-02],
   [ 5.84432594e-02,  5.86549155e-02,  5.53456917e-02]],

  [[ 1.11306626e-02,  1.35555297e-01,  6.52373210e-02],
   [ 1.38839707e-01,  6.65455982e-02, -1.00113399e-01],
   [ 1.08814105e-01, -2.07886286e-02,  1.73927322e-01]],

  [[-4.65861522e-03,  1.42398983e-01, -1.16924368e-01],
   [ 4.73988131e-02, -1.38943985e-01,  1.30002066e-01],
   [ 8.66067968e-03,  6.82877600e-02, -1.57636017e-01]]],


 [[[-1.63116947e-01,  1.01657219e-01, -9.19973031e-02],
   [ 6.16149604e-02, -1.08421817e-01, -4.63672839e-02],
   [ 1.50582576e-02,  1.00908726e-01,  8.54170397e-02]],

  [[-3.52145247e-02, -6.99098185e-02,  9.46885999e-03],
   [ 8.20601732e-02, -1.33066386e-01, -6.46567792e-02],
   [-1.78621262e-01,  1.49873067e-02, -3.35697904e-02]],

  [[ 1.07672475e-01,  1.59478709e-01, -1.58458561e-01],
   [-6.56799823e-02, -2.71884967e-02,  9.84753482e-03],
   [-1.33680664e-02, -8.81297439e-02, -7.15602711e-02]],

  [[-2.80135609e-02,  1.21486776e-01, -5.75764142e-02],
   [ 7.75955468e-02, -1.64718300e-01, -7.40448246e-03],
   [-1.62307665e-01, -1.67381048e-01,  1.95109472e-02]]],


 [[[-6.61668628e-02,  1.26430109e-01,  1.40159488e-01],
   [-1.84803307e-01,  1.70012228e-02, -3.88934165e-02],
   [-1.14425018e-01, -1.16313383e-01, -5.00689261e-02]],

  [[ 5.77551164e-02,  2.12583691e-02,  9.12531540e-02],
   [-1.69432200e-02,  6.29369915e-02,  2.62570344e-02],
   [-2.64320765e-02, -1.94836445e-02, -1.70534402e-01]],

  [[ 1.20688798e-02, -3.12254224e-02, -4.49946113e-02],
   [-8.04240033e-02, -8.31856485e-03, -1.20658614e-01],
   [ 9.21839196e-03, -3.00773606e-03, -2.06574276e-02]],

  [[ 1.61686018e-01,  1.16774015e-01,  2.65999492e-02],
   [-4.45164181e-02,  3.96413021e-02, -1.08879440e-01],
   [ 1.30160987e-01,  1.50529236e-01, -3.39919217e-02]]],


 [[[ 1.44251227e-01,  1.70802921e-01, -1.27757117e-02],
   [-6.18319400e-02,  2.01774798e-02,  3.54518965e-02],
   [-1.46178961e-01, -5.61884511e-03, -5.73621728e-02]],

  [[ 8.74798223e-02, -2.53646038e-02,  9.15528536e-02],
   [ 1.14970028e-01, -7.85345510e-02,  9.72975045e-03],
   [-3.81127819e-02, -9.59803611e-02, -1.10334098e-01]],

  [[ 2.21823752e-02,  6.93808869e-02, -1.87102649e-02],
   [ 5.24511002e-02,  1.33364201e-01,  9.84682366e-02],
   [ 9.63819474e-02,  7.71532580e-02, -1.12011060e-01]],

  [[-1.31603420e-01, -1.52783677e-01,  8.66768211e-02],
   [-1.66131824e-01, -1.41236603e-01,  1.15219839e-01],
   [ 1.01091251e-01, -1.50339067e-01,  9.79802310e-02]]],


 [[[-3.00696511e-02,  3.15741450e-02, -1.02442928e-01],
   [-4.02924456e-02,  4.83710691e-02,  1.18514076e-01],
   [ 8.75546113e-02, -1.07164994e-01, -1.10124722e-01]],

  [[-3.15534920e-02,  2.64106151e-02,  7.09934011e-02],
   [-1.93200856e-01, -4.26799022e-02, -2.91073732e-02],
   [-5.84704578e-02,  1.46099478e-01, -4.83208038e-02]],

  [[-1.37782589e-01, -7.89028332e-02,  1.80953722e-02],
   [-8.56930315e-02,  7.58091435e-02,  2.09988251e-01],
   [ 6.89741177e-03, -5.18719964e-02,  1.69700056e-01]],

  [[ 1.35510236e-01,  1.27932414e-01,  1.43260565e-02],
   [ 3.86490263e-02, -8.96237269e-02,  4.91794311e-02],
   [ 1.76537111e-01,  3.34512331e-02, -1.25647873e-01]]],


 [[[ 1.03533834e-01,  1.79916129e-01,  1.62852496e-01],
   [ 1.00345602e-02,  3.80674675e-02,  3.85162048e-02],
   [-5.64351231e-02, -2.68132035e-02,  1.26439244e-01]],

  [[-3.83207831e-03,  1.23412989e-01, -1.31275430e-01],
   [-5.14890887e-02, -2.30042487e-02, -1.40432790e-01],
   [ 1.55038476e-01,  1.33908302e-01, -8.33508819e-02]],

  [[ 1.65443182e-01,  1.91149354e-01, -7.38714188e-02],
   [ 3.61784361e-02,  2.06374660e-01, -6.00230880e-02],
   [-2.49256473e-02, -1.10410839e-01,  1.24905288e-01]],

  [[ 2.58968137e-02,  7.20344111e-02,  1.13878027e-01],
   [ 2.31652968e-02, -1.23407319e-01,  4.51758094e-02],
   [ 1.21578556e-02,  1.00545719e-01,  1.03612185e-01]]],


 [[[-6.46792874e-02, -7.01261759e-02,  1.01902291e-01],
   [ 5.15098758e-02,  4.11583036e-02,  8.69546682e-02],
   [ 8.52812529e-02, -1.48693681e-01, -1.51605767e-04]],

  [[ 2.83391122e-03, -1.49042442e-01,  3.11361738e-02],
   [-8.71669967e-03,  1.41871884e-01, -1.62350118e-01],
   [ 1.57158226e-01, -5.64388782e-02,  1.09634064e-01]],

  [[ 1.37669027e-01, -2.82232985e-02, -8.10643956e-02],
   [-1.86548494e-02, -1.22006737e-01,  2.10697278e-02],
   [ 8.80357102e-02, -5.62105374e-03, -1.20179251e-01]],

  [[ 6.62872940e-02,  1.45032808e-01, -5.49487360e-02],
   [ 6.39580116e-02, -2.59169769e-02,  6.61861002e-02],
   [-1.34764910e-01, -1.46552399e-01, -3.49687785e-02]]],


 [[[-1.62249804e-01,  8.94156992e-02,  1.88657805e-01],
   [-2.29846016e-02,  1.49092218e-02,  4.26861160e-02],
   [-7.37112314e-02,  1.62755381e-02,  4.07864004e-02]],

  [[ 1.67831376e-01, -1.64700463e-01, -3.27122584e-02],
   [-1.60412952e-01, -3.46425697e-02, -1.31954970e-02],
   [-7.05005452e-02,  1.13594376e-01,  1.53866664e-01]],

  [[-8.37608278e-02,  8.82769283e-03, -1.28460433e-02],
   [ 2.40371600e-02,  7.94298872e-02,  1.71847939e-01],
   [-1.56174108e-01,  7.86525309e-02, -1.28735751e-01]],

  [[-1.27295420e-01,  1.07604831e-01, -7.76223317e-02],
   [-6.68632612e-02,  3.40635478e-02, -3.54328156e-02],
   [-1.78733632e-01, -1.24104306e-01, -7.63722956e-02]]],


 [[[-4.37463671e-02, -1.35154799e-01, -1.86863586e-01],
   [ 6.46529347e-02, -1.74309522e-01, -4.61706258e-02],
   [ 1.02667734e-01, -7.30503723e-02, -1.15147211e-01]],

  [[ 4.94372584e-02,  1.48542732e-01, -2.43983325e-02],
   [-1.77283306e-02,  7.04308525e-02,  2.30806712e-02],
   [ 3.22026499e-02,  7.83623308e-02,  6.88296482e-02]],

  [[-1.42294452e-01, -8.57572332e-02,  1.19803190e-01],
   [-2.59621022e-03,  2.61368472e-02,  1.60539165e-01],
   [ 1.27695560e-01,  1.01734996e-01,  1.84438482e-01]],

  [[-1.64645895e-01,  4.49404866e-03,  2.75898874e-02],
   [-4.73148450e-02, -1.02261841e-01,  1.57116167e-02],
   [-1.51823178e-01, -8.32575709e-02,  1.19417675e-01]]],


 [[[-7.87518471e-02, -2.35174075e-02,  7.18865171e-02],
   [-1.00706797e-02, -1.09822173e-02, -1.88137755e-01],
   [ 7.10109323e-02, -1.67840287e-01,  9.12577566e-03]],

  [[-1.52031049e-01, -1.43529207e-01,  1.57579750e-01],
   [-1.09606385e-01,  2.73761544e-02,  1.60045009e-02],
   [ 1.72908247e-01,  6.92420304e-02,  1.02391511e-01]],

  [[-7.37408325e-02, -8.28627720e-02,  1.12107217e-01],
   [ 3.91419493e-02,  1.03953527e-02, -1.27352372e-01],
   [-1.51546270e-01,  2.08535101e-02, -9.56826434e-02]],

  [[ 1.30194798e-01,  1.44054577e-01, -8.04974064e-02],
   [-9.25278366e-02,  1.45718977e-01, -1.01665914e-01],
   [-1.48729384e-01, -1.35038555e-01,  3.24503072e-02]]],


 [[[ 3.04529630e-02,  8.44948068e-02,  1.27567485e-01],
   [ 4.34217528e-02, -1.19865658e-02,  1.55757368e-01],
   [-1.00621611e-01, -5.15674800e-02,  1.66471735e-01]],

  [[-7.48361722e-02,  1.09694481e-01,  3.30790579e-02],
   [ 6.23995773e-02, -1.36818290e-02, -1.67718530e-01],
   [ 1.42327458e-01,  1.53173193e-01, -1.55354962e-01]],

  [[-6.59875944e-02,  7.86393866e-05,  1.15164034e-01],
   [-3.54921706e-02, -6.61386326e-02,  1.71832547e-01],
   [-9.09424871e-02,  1.66580483e-01,  1.61772724e-02]],

  [[ 1.02526233e-01,  3.66890319e-02,  1.44921830e-02],
   [ 1.22962125e-01, -1.84178576e-02,  1.13847367e-01],
   [ 5.26723005e-02, -9.99143198e-02,  1.12160459e-01]]],


 [[[-1.37904659e-01,  8.28635395e-02, -1.32631008e-02],
   [ 2.95027904e-02, -2.07266508e-04,  4.17944938e-02],
   [-2.33259536e-02,  1.02958165e-01,  8.64840597e-02]],

  [[-1.55888140e-01,  1.60227925e-01, -1.71858355e-01],
   [-3.06828488e-02,  5.75880930e-02,  1.77277431e-01],
   [ 2.06637364e-02, -1.33241713e-01,  1.34040723e-02]],

  [[-1.31237835e-01,  1.11997902e-01,  4.13910970e-02],
   [ 5.77818528e-02, -7.73037076e-02,  8.81403238e-02],
   [ 2.10786432e-01, -7.66052753e-02,  5.00586405e-02]],

  [[-6.40188605e-02, -5.57353050e-02,  1.71870813e-01],
   [-1.72462419e-01, -2.61905156e-02,  7.82942921e-02],
   [ 1.04259156e-01, -3.76776792e-02, -7.13835359e-02]]],


 [[[ 4.42163572e-02, -1.34450912e-01,  2.18796469e-02],
   [-1.29295260e-01, -6.00790977e-02,  1.20721519e-01],
   [-1.45529911e-01, -9.39070582e-02, -1.33180186e-01]],

  [[ 1.10228635e-01,  1.48970902e-01, -9.08207446e-02],
   [ 1.21418938e-01,  1.26757309e-01, -1.16322212e-01],
   [ 4.15222310e-02,  6.97435886e-02, -2.83998363e-02]],

  [[ 9.83633697e-02, -3.34874652e-02, -4.13953029e-02],
   [ 6.45554885e-02, -1.82512641e-01, -1.91079780e-01],
   [ 1.23386048e-02, -2.50340032e-04,  9.12347250e-03]],

  [[-8.21611211e-02,  1.45970821e-01, -9.64146405e-02],
   [-8.83962959e-02, -1.61131471e-01, -1.86252356e-01],
   [ 5.28905503e-02, -5.46119846e-02,  1.13281503e-01]]],


 [[[ 1.65292308e-01,  6.83368668e-02,  1.38991639e-01],
   [-1.42766565e-01,  4.32615653e-02,  6.44348487e-02],
   [-4.41348478e-02, -9.41879023e-03, -9.08784866e-02]],

  [[-2.34727305e-03, -1.76757202e-01, -1.11971416e-01],
   [-1.12330087e-01,  1.64808910e-02,  4.95782383e-02],
   [-1.63778007e-01, -7.87786543e-02,  8.71564522e-02]],

  [[ 1.22939441e-02,  1.55733824e-02, -8.18031132e-02],
   [-6.40716553e-02, -1.66224897e-01,  1.47184417e-01],
   [ 4.90470007e-02,  9.33061093e-02,  1.02108136e-01]],

  [[ 1.75085515e-01, -8.54875073e-02,  6.41033798e-02],
   [-1.64171666e-01,  3.99139151e-02, -1.04227252e-01],
   [ 8.82017836e-02, -9.55141559e-02,  1.10175006e-01]]],


 [[[ 1.27727568e-01,  9.92397666e-02, -1.54403344e-01],
   [ 7.91638196e-02, -1.45193905e-01, -1.82717234e-01],
   [ 1.03777871e-01,  3.17922868e-02, -4.80005890e-02]],

  [[-1.30343124e-01,  7.13086873e-02, -3.74095924e-02],
   [-1.22636497e-01,  4.47414862e-03, -1.21526033e-01],
   [ 8.77653807e-02, -1.01324543e-01, -5.58790006e-02]],

  [[-1.93609625e-01, -6.25567809e-02, -6.77175745e-02],
   [ 5.69038987e-02, -7.18689933e-02,  1.00421786e-01],
   [ 1.32027626e-01,  5.36359847e-02, -3.21154781e-02]],

  [[-1.36566311e-01, -1.33848101e-01, -8.00350830e-02],
   [-1.10846817e-01,  6.74258173e-02, -7.05992728e-02],
   [-1.87398540e-03, -9.37634381e-04, -1.24330200e-01]]],


 [[[ 1.67245895e-01, -5.89746833e-02, -1.65142268e-01],
   [-2.58702505e-02, -1.78938165e-01,  3.50336172e-02],
   [-1.15504310e-01, -5.34225069e-02, -6.21057153e-02]],

  [[ 1.09115869e-01,  1.26141399e-01,  1.86178774e-01],
   [ 3.81667614e-02,  1.32904738e-01, -1.52638331e-01],
   [-1.19456150e-01,  1.13105804e-01,  7.31786862e-02]],

  [[ 5.99874817e-02,  7.43533298e-02,  1.12918295e-01],
   [ 7.64804110e-02, -7.26612285e-02, -2.63752807e-02],
   [ 7.66674289e-03,  1.38278067e-01,  1.55312466e-02]],

  [[-4.90339287e-02,  9.96815488e-02,  1.08549178e-01],
   [-9.98842064e-03, -6.33778647e-02, -1.71522424e-01],
   [ 7.21933087e-03,  4.67711575e-02, -1.26194432e-01]]],


 [[[-1.52467459e-01, -1.89055011e-01,  9.59346443e-02],
   [ 1.68834507e-01,  1.84475228e-01,  1.60331249e-01],
   [-1.76083613e-02,  8.12763646e-02,  1.05659105e-01]],

  [[-1.11991465e-02, -6.22071102e-02,  1.77433744e-01],
   [-2.73940731e-02,  3.88208181e-02, -9.75406095e-02],
   [-5.87989502e-02, -8.94741900e-03,  2.74693929e-02]],

  [[ 8.26557577e-02,  1.01580858e-01, -3.82999703e-02],
   [ 1.87847137e-01, -8.22375268e-02, -7.97047745e-03],
   [-1.05083697e-01,  1.93538163e-02,  1.41794711e-01]],

  [[-1.61115468e-01,  1.48512209e-02, -1.79571524e-01],
   [-1.36184031e-02, -4.98247929e-02,  3.15584093e-02],
   [-1.10947385e-01,  4.15282138e-02, -1.65916219e-01]]],


 [[[ 1.69201102e-02, -5.49782217e-02, -1.04165770e-01],
   [ 1.49974421e-01, -1.03897480e-02, -1.41527161e-01],
   [-1.08776726e-01, -8.62116143e-02, -1.29942030e-01]],

  [[ 4.33075055e-02, -5.65321790e-03,  1.54879540e-01],
   [-1.51435789e-02, -7.52569661e-02,  1.60149083e-01],
   [ 3.73435952e-02, -3.82667333e-02,  1.40254125e-01]],

  [[ 1.39544368e-01, -1.56541049e-01, -1.62839994e-01],
   [-1.19100727e-01, -1.67102441e-01, -6.77980334e-02],
   [ 5.38914166e-02, -1.70382932e-01, -1.73578426e-01]],

  [[-1.52640909e-01, -8.63409936e-02,  1.04921766e-01],
   [ 1.43423036e-01,  1.66973814e-01, -1.28166629e-02],
   [-1.46923885e-01,  1.56150997e-01, -1.24093823e-01]]],


 [[[ 7.10284114e-02,  8.35060850e-02,  5.19290417e-02],
   [ 7.72857666e-02, -1.30334020e-01, -2.78959386e-02],
   [-1.12850249e-01,  1.24677442e-01, -1.19487867e-01]],

  [[ 3.24564166e-02,  1.91039205e-01,  1.67548954e-01],
   [-1.27450988e-01, -1.63322732e-01,  1.15035228e-01],
   [ 7.02082515e-02, -1.03454702e-01,  1.83021918e-01]],

  [[-1.10677458e-01,  1.66726306e-01,  1.10933058e-01],
   [ 1.49180636e-01, -2.47340687e-02, -1.27100172e-02],
   [-1.20617040e-01,  9.51089710e-02, -9.77261085e-03]],

  [[ 1.11025028e-01, -8.72041211e-02,  1.50969341e-01],
   [ 1.26467019e-01, -2.70706508e-02,  7.13219494e-02],
   [-1.28041431e-01, -1.14541009e-01, -1.29522264e-01]]],


 [[[-9.00748521e-02,  5.73425144e-02, -6.40754178e-02],
   [-9.09601450e-02,  9.03334171e-02,  1.05840089e-02],
   [-1.02979735e-01, -8.13937932e-02, -7.49278292e-02]],

  [[ 1.10952720e-01,  1.63166285e-01,  1.62948340e-01],
   [-1.07875206e-01, -2.29025376e-03,  7.33579323e-02],
   [-9.21603069e-02,  1.02660447e-01, -1.52333472e-02]],

  [[-2.96235979e-02, -1.84998617e-01,  7.91722089e-02],
   [-1.55445710e-01, -5.11614680e-02, -1.85025200e-01],
   [ 9.95576009e-02, -2.44632177e-02,  4.16153483e-02]],

  [[-1.51967257e-01, -1.50912246e-02,  4.72393893e-02],
   [ 1.07809559e-01,  1.05047800e-01, -5.65458722e-02],
   [-2.01942790e-02,  3.54964584e-02, -7.87491947e-02]]],


 [[[-6.71718046e-02, -1.56213477e-01, -1.56506404e-01],
   [-5.98111078e-02,  3.69621776e-02,  4.12259027e-02],
   [ 3.13332900e-02,  4.71557826e-02, -4.93912539e-03]],

  [[-1.88931495e-01,  1.21880531e-01, -1.53956532e-01],
   [-3.07952445e-02,  3.57963666e-02,  3.88101628e-03],
   [-7.56238773e-02, -1.53666735e-01,  1.13384075e-01]],

  [[ 2.90506966e-02,  1.75057247e-01,  9.93063524e-02],
   [ 1.03061639e-01,  6.75318837e-02,  1.74293644e-03],
   [-7.69794136e-02,  5.01087233e-02,  1.92138702e-01]],

  [[ 1.00498840e-01,  1.52091131e-01,  1.63335219e-01],
   [ 1.50000811e-01, -7.46918023e-02, -7.19138682e-02],
   [-8.82332865e-03, -8.66601020e-02, -4.18194234e-02]]],


 [[[-4.01040092e-02,  1.72880515e-01, -1.81775284e-03],
   [ 1.39740914e-01, -1.68331102e-01, -1.84359297e-01],
   [ 4.13109325e-02,  5.25155775e-02, -4.93639968e-02]],

  [[-1.11227445e-01,  3.27071212e-02, -5.95782558e-03],
   [ 9.46947187e-03,  1.20924443e-01, -4.36397977e-02],
   [ 1.08272836e-01, -1.46566063e-01, -1.09784245e-01]],

  [[ 4.56374623e-02,  1.08445317e-01,  2.75880005e-02],
   [-1.33104324e-01, -6.68810029e-03, -5.77852055e-02],
   [-2.23383829e-02, -4.24764911e-03,  6.39989600e-02]],

  [[-8.91377870e-03, -9.01289508e-02, -6.57833144e-02],
   [-1.59776583e-01, -1.93877950e-01,  6.50670379e-02],
   [ 1.20286725e-01,  1.55156508e-01,  4.18314263e-02]]],


 [[[-7.88781866e-02, -1.03621453e-01,  6.82761744e-02],
   [-1.13746673e-01,  1.42389789e-01, -1.06286794e-01],
   [-1.81892499e-01, -1.41836017e-01,  1.32997617e-01]],

  [[ 1.30254418e-01,  4.47222665e-02,  5.22618415e-03],
   [ 1.51141375e-01,  8.84238183e-02,  1.12281449e-01],
   [-1.16228580e-01,  2.08473969e-02,  1.44470587e-01]],

  [[-1.37672484e-01,  1.48480728e-01, -1.12995602e-01],
   [-8.01193491e-02, -3.81710939e-02,  1.05797667e-02],
   [ 3.98061536e-02, -1.13142669e-01,  5.16472198e-02]],

  [[ 4.52112108e-02, -1.62646249e-02, -1.64887264e-01],
   [ 1.65799364e-01, -7.19702616e-02, -8.81482437e-02],
   [ 1.67920470e-01, -8.80743042e-02,  1.05146080e-01]]],


 [[[ 1.26126856e-01, -1.14754312e-01, -1.56388015e-01],
   [-8.22810307e-02,  7.50319585e-02,  1.26105011e-01],
   [-2.49891412e-02, -8.12612474e-02, -7.40887895e-02]],

  [[-9.95178372e-02,  1.79029211e-01,  2.28090845e-02],
   [-1.54507831e-01, -1.47057980e-01,  1.22055352e-01],
   [ 9.24328566e-02,  1.28927261e-01, -3.96167254e-03]],

  [[-2.01141853e-02,  3.77710946e-02, -2.73871422e-02],
   [-6.45512640e-02,  1.10984510e-02, -1.00177504e-01],
   [-1.34707078e-01, -5.13358302e-02, -1.15182161e-01]],

  [[-4.05011186e-03,  2.18417086e-02,  1.55214220e-01],
   [ 6.57064319e-02,  1.11942580e-02, -1.37949765e-01],
   [-6.93815425e-02, -4.75012176e-02, -1.38745144e-01]]]]

PWC1_lambda
shape: (32, 8, 1, 1)
[[[[-0.06354045]],

  [[ 0.20062901]],

  [[ 0.20147379]],

  [[ 0.01357544]],

  [[-0.21509047]],

  [[-0.23158762]],

  [[-0.2544533 ]],

  [[ 0.29967374]]],


 [[[-0.3235452 ]],

  [[-0.14294845]],

  [[ 0.20539849]],

  [[ 0.22307272]],

  [[-0.33376774]],

  [[ 0.0944441 ]],

  [[ 0.00719614]],

  [[ 0.31822097]]],


 [[[-0.04463644]],

  [[ 0.16575283]],

  [[-0.03066095]],

  [[ 0.34438372]],

  [[-0.07393521]],

  [[-0.19927451]],

  [[ 0.02644453]],

  [[-0.20255733]]],


 [[[ 0.11363215]],

  [[ 0.24256591]],

  [[-0.23780444]],

  [[-0.27708042]],

  [[ 0.04672172]],

  [[-0.06022458]],

  [[-0.11702303]],

  [[ 0.31917945]]],


 [[[ 0.13302624]],

  [[-0.09650278]],

  [[ 0.0533422 ]],

  [[-0.02297946]],

  [[-0.24864148]],

  [[ 0.16564658]],

  [[-0.2651657 ]],

  [[ 0.04243953]]],


 [[[ 0.27881885]],

  [[-0.35238475]],

  [[ 0.05773973]],

  [[ 0.35531062]],

  [[ 0.20252003]],

  [[-0.15646802]],

  [[ 0.08418889]],

  [[-0.34376684]]],


 [[[ 0.05700204]],

  [[ 0.28452498]],

  [[ 0.3399418 ]],

  [[ 0.01248645]],

  [[ 0.1173565 ]],

  [[-0.05702171]],

  [[-0.13478853]],

  [[-0.00506652]]],


 [[[-0.21676391]],

  [[ 0.14351867]],

  [[ 0.17397891]],

  [[-0.11112181]],

  [[-0.09265967]],

  [[-0.23620713]],

  [[ 0.04384625]],

  [[ 0.14655644]]],


 [[[ 0.373649  ]],

  [[-0.3527914 ]],

  [[-0.26656586]],

  [[-0.00532221]],

  [[ 0.3626614 ]],

  [[-0.01531696]],

  [[ 0.10933616]],

  [[ 0.04738732]]],


 [[[-0.05219211]],

  [[ 0.25781557]],

  [[ 0.25674272]],

  [[-0.233416  ]],

  [[-0.23957   ]],

  [[-0.27253562]],

  [[-0.08539525]],

  [[-0.00699334]]],


 [[[ 0.3236527 ]],

  [[-0.36486563]],

  [[ 0.27838638]],

  [[-0.17778508]],

  [[ 0.06097499]],

  [[-0.04121103]],

  [[ 0.18761921]],

  [[-0.3064491 ]]],


 [[[-0.23372172]],

  [[-0.01844884]],

  [[ 0.20711656]],

  [[-0.18656714]],

  [[ 0.10250944]],

  [[-0.10135887]],

  [[-0.33085173]],

  [[ 0.0355624 ]]],


 [[[-0.06366901]],

  [[ 0.17963356]],

  [[ 0.2702523 ]],

  [[ 0.270136  ]],

  [[ 0.22885896]],

  [[-0.2673687 ]],

  [[-0.37385076]],

  [[ 0.01986771]]],


 [[[ 0.10870221]],

  [[-0.29586843]],

  [[ 0.32876897]],

  [[ 0.0051856 ]],

  [[-0.19943511]],

  [[ 0.24971204]],

  [[ 0.28716478]],

  [[ 0.03582382]]],


 [[[-0.10919908]],

  [[ 0.05145887]],

  [[-0.27772158]],

  [[ 0.20198719]],

  [[ 0.21461502]],

  [[-0.08449266]],

  [[-0.27560514]],

  [[ 0.277777  ]]],


 [[[-0.27455953]],

  [[-0.20432068]],

  [[ 0.2340169 ]],

  [[-0.18581943]],

  [[ 0.05759972]],

  [[ 0.31727383]],

  [[ 0.00231217]],

  [[-0.09672143]]],


 [[[ 0.3142965 ]],

  [[ 0.07036924]],

  [[ 0.11993232]],

  [[-0.09075049]],

  [[-0.33513013]],

  [[ 0.04807378]],

  [[-0.2200598 ]],

  [[-0.20630397]]],


 [[[-0.32797036]],

  [[ 0.3436899 ]],

  [[-0.27548072]],

  [[ 0.13633291]],

  [[ 0.03717503]],

  [[ 0.27689353]],

  [[ 0.16127713]],

  [[-0.26207027]]],


 [[[ 0.13605629]],

  [[-0.15667862]],

  [[-0.02151557]],

  [[-0.13023297]],

  [[-0.33737022]],

  [[ 0.12979087]],

  [[-0.22809272]],

  [[ 0.3348234 ]]],


 [[[ 0.17608915]],

  [[-0.15072483]],

  [[-0.16692449]],

  [[-0.35435665]],

  [[-0.15750723]],

  [[-0.23706026]],

  [[ 0.08770525]],

  [[ 0.08950245]]],


 [[[ 0.2793596 ]],

  [[ 0.0667774 ]],

  [[-0.0867615 ]],

  [[-0.13056017]],

  [[-0.07928184]],

  [[ 0.20670527]],

  [[-0.37066546]],

  [[-0.3435208 ]]],


 [[[ 0.09582526]],

  [[-0.08188135]],

  [[-0.13610737]],

  [[-0.22653206]],

  [[-0.27893054]],

  [[-0.22682413]],

  [[-0.23343708]],

  [[-0.3446468 ]]],


 [[[-0.20896612]],

  [[ 0.3166693 ]],

  [[-0.22759978]],

  [[ 0.30064243]],

  [[-0.33621788]],

  [[ 0.06612552]],

  [[-0.06347279]],

  [[-0.286296  ]]],


 [[[-0.02854576]],

  [[ 0.33014917]],

  [[-0.2116409 ]],

  [[ 0.32439354]],

  [[-0.0698806 ]],

  [[-0.08477253]],

  [[ 0.16278349]],

  [[ 0.26161683]]],


 [[[ 0.31983623]],

  [[ 0.23152383]],

  [[-0.3336829 ]],

  [[-0.10469162]],

  [[ 0.05847363]],

  [[-0.18288325]],

  [[ 0.16936411]],

  [[-0.04933238]]],


 [[[-0.32343826]],

  [[-0.1266034 ]],

  [[-0.24671362]],

  [[ 0.1495063 ]],

  [[-0.28518552]],

  [[-0.07547491]],

  [[ 0.01225204]],

  [[ 0.15387602]]],


 [[[-0.27605247]],

  [[ 0.2751417 ]],

  [[-0.23524043]],

  [[-0.30486795]],

  [[ 0.16911873]],

  [[-0.2316252 ]],

  [[ 0.26297224]],

  [[ 0.17179   ]]],


 [[[-0.20224836]],

  [[-0.05405548]],

  [[-0.15714753]],

  [[ 0.01165957]],

  [[-0.02666342]],

  [[ 0.00690179]],

  [[-0.2779167 ]],

  [[-0.3113574 ]]],


 [[[-0.19823137]],

  [[ 0.05508267]],

  [[ 0.04727751]],

  [[-0.20433185]],

  [[-0.04050281]],

  [[-0.03907233]],

  [[ 0.28360602]],

  [[-0.29811928]]],


 [[[-0.19315615]],

  [[-0.01907123]],

  [[-0.08695357]],

  [[-0.17982358]],

  [[ 0.136132  ]],

  [[-0.09629454]],

  [[ 0.03620186]],

  [[-0.22848834]]],


 [[[ 0.364238  ]],

  [[-0.23386022]],

  [[-0.04150468]],

  [[ 0.31467864]],

  [[ 0.20971154]],

  [[-0.32930088]],

  [[ 0.19404906]],

  [[-0.1988478 ]]],


 [[[-0.02722607]],

  [[ 0.14140531]],

  [[ 0.04935158]],

  [[ 0.29749647]],

  [[-0.10946582]],

  [[-0.27959716]],

  [[-0.00616059]],

  [[ 0.13318095]]]]

PWC2_lambda
shape: (24, 8, 1, 1)
[[[[ 0.30041224]],

  [[-0.17220153]],

  [[-0.03486327]],

  [[-0.22246768]],

  [[-0.29453447]],

  [[-0.2360549 ]],

  [[-0.27420953]],

  [[-0.25806627]]],


 [[[ 0.09862642]],

  [[-0.05198819]],

  [[ 0.20537877]],

  [[ 0.29149082]],

  [[-0.27649978]],

  [[ 0.04484915]],

  [[ 0.2247278 ]],

  [[-0.2681786 ]]],


 [[[-0.09654491]],

  [[ 0.26225612]],

  [[-0.30086502]],

  [[ 0.3592799 ]],

  [[ 0.00742549]],

  [[ 0.04939849]],

  [[ 0.32437238]],

  [[-0.30949506]]],


 [[[ 0.31091154]],

  [[-0.3171041 ]],

  [[ 0.20382166]],

  [[-0.04030616]],

  [[ 0.3072115 ]],

  [[-0.00123024]],

  [[-0.35521832]],

  [[ 0.08408177]]],


 [[[ 0.24583218]],

  [[-0.06615395]],

  [[-0.35266012]],

  [[-0.03068251]],

  [[ 0.03456089]],

  [[ 0.07390587]],

  [[ 0.1398002 ]],

  [[-0.03234324]]],


 [[[-0.04843067]],

  [[-0.07776559]],

  [[ 0.17403907]],

  [[ 0.0581207 ]],

  [[ 0.11988214]],

  [[ 0.00185934]],

  [[-0.05833479]],

  [[ 0.3002829 ]]],


 [[[ 0.02515808]],

  [[-0.33386794]],

  [[ 0.0815851 ]],

  [[ 0.34606037]],

  [[-0.07048198]],

  [[ 0.20043297]],

  [[-0.22278722]],

  [[-0.04336838]]],


 [[[ 0.2532555 ]],

  [[-0.17563006]],

  [[-0.10053835]],

  [[ 0.00685639]],

  [[-0.04477462]],

  [[-0.10286904]],

  [[ 0.25759742]],

  [[-0.07628639]]],


 [[[-0.11373841]],

  [[ 0.26202267]],

  [[ 0.11621957]],

  [[-0.1963983 ]],

  [[ 0.2202925 ]],

  [[-0.1567379 ]],

  [[ 0.3533376 ]],

  [[ 0.33271858]]],


 [[[ 0.04590772]],

  [[ 0.11090486]],

  [[-0.12788539]],

  [[-0.29084358]],

  [[-0.26109222]],

  [[ 0.11913145]],

  [[ 0.18786624]],

  [[-0.0236853 ]]],


 [[[-0.13198014]],

  [[-0.12182604]],

  [[-0.1707909 ]],

  [[-0.19020237]],

  [[ 0.23063041]],

  [[-0.29184803]],

  [[ 0.27145782]],

  [[ 0.22711103]]],


 [[[-0.07779007]],

  [[-0.05651151]],

  [[-0.08680112]],

  [[-0.30470088]],

  [[ 0.05910777]],

  [[-0.27331445]],

  [[ 0.02038116]],

  [[-0.13270776]]],


 [[[-0.30072793]],

  [[-0.34420863]],

  [[ 0.3115475 ]],

  [[ 0.30862623]],

  [[ 0.2983793 ]],

  [[ 0.121263  ]],

  [[ 0.18714093]],

  [[ 0.20925555]]],


 [[[ 0.2572962 ]],

  [[ 0.05438577]],

  [[ 0.03877593]],

  [[ 0.27572954]],

  [[ 0.16989708]],

  [[-0.2311121 ]],

  [[ 0.2562444 ]],

  [[ 0.3693901 ]]],


 [[[-0.13788056]],

  [[-0.3331732 ]],

  [[-0.03134208]],

  [[-0.2675898 ]],

  [[ 0.3465231 ]],

  [[-0.10031783]],

  [[-0.17227131]],

  [[ 0.24849048]]],


 [[[ 0.16031416]],

  [[ 0.11823072]],

  [[ 0.35600173]],

  [[-0.38772675]],

  [[ 0.15905389]],

  [[-0.11627549]],

  [[ 0.07794456]],

  [[-0.17311978]]],


 [[[ 0.30356032]],

  [[-0.04638729]],

  [[ 0.02169664]],

  [[-0.26307517]],

  [[ 0.19320005]],

  [[-0.36533418]],

  [[ 0.2131654 ]],

  [[ 0.27220905]]],


 [[[ 0.29525393]],

  [[ 0.19336152]],

  [[-0.14960513]],

  [[ 0.10697349]],

  [[ 0.05345286]],

  [[-0.30674723]],

  [[ 0.21843316]],

  [[-0.32073575]]],


 [[[ 0.12336864]],

  [[ 0.332752  ]],

  [[-0.11021537]],

  [[ 0.02572433]],

  [[ 0.29593882]],

  [[ 0.31998348]],

  [[ 0.29485208]],

  [[-0.2773536 ]]],


 [[[ 0.08947842]],

  [[-0.2863869 ]],

  [[ 0.11154681]],

  [[-0.36893716]],

  [[ 0.03925978]],

  [[ 0.21496078]],

  [[-0.3615    ]],

  [[-0.08011889]]],


 [[[-0.15583465]],

  [[ 0.27031407]],

  [[-0.05846086]],

  [[ 0.24995297]],

  [[-0.28136584]],

  [[ 0.06281997]],

  [[ 0.28321084]],

  [[ 0.00355307]]],


 [[[-0.10639685]],

  [[-0.1713648 ]],

  [[ 0.2109523 ]],

  [[ 0.1593481 ]],

  [[-0.01414252]],

  [[ 0.24607815]],

  [[-0.18217783]],

  [[-0.3077463 ]]],


 [[[-0.10018512]],

  [[ 0.26944098]],

  [[-0.37524047]],

  [[-0.1402973 ]],

  [[ 0.05334248]],

  [[ 0.14781758]],

  [[ 0.20851049]],

  [[ 0.09616237]]],


 [[[-0.30512118]],

  [[-0.12538806]],

  [[ 0.1813956 ]],

  [[ 0.06470922]],

  [[ 0.16832034]],

  [[ 0.2889644 ]],

  [[ 0.21978126]],

  [[-0.18019038]]]]

