GWC_lambda
shape: (32, 4, 3, 3)
[[[[ 1.35058865e-01  1.41943365e-01  1.03678972e-01]
   [ 5.82216978e-02 -6.68853074e-02 -6.27601892e-02]
   [-8.18927512e-02  2.06898805e-02 -1.51342496e-01]]

  [[ 7.16385022e-02  1.28104001e-01  1.74306393e-01]
   [-1.43038318e-01  1.77266702e-01 -7.24408403e-02]
   [ 1.72398537e-02  1.80796251e-01  1.23564124e-01]]

  [[-2.59591863e-02  1.10421784e-01 -1.86476052e-01]
   [ 1.39952660e-01  1.35464221e-01 -3.99094075e-02]
   [ 2.56724469e-02 -5.27391545e-02 -1.34321854e-01]]

  [[-5.36733009e-02 -9.68443323e-03 -1.11531936e-01]
   [-1.23297907e-01  8.05320963e-03 -9.44563523e-02]
   [-1.00589521e-01  1.26078902e-02 -6.02517463e-02]]]


 [[[ 1.43223837e-01 -6.33344948e-02 -9.93555859e-02]
   [-5.02792038e-02 -1.39034510e-01  7.39659145e-02]
   [ 1.40264422e-01 -9.55222473e-02 -6.82552457e-02]]

  [[ 1.64322436e-01 -1.14565805e-01  5.58621548e-02]
   [-1.27081826e-01 -1.44710287e-01  5.85456658e-03]
   [-8.28161240e-02  9.11814123e-02 -4.54007946e-02]]

  [[ 3.47127812e-03 -7.61810988e-02  4.72132936e-02]
   [ 1.77370876e-01 -4.66511228e-05 -1.06928743e-01]
   [-1.47198603e-01  1.80133790e-01  7.65929893e-02]]

  [[ 6.56058043e-02  2.93333381e-02  8.36739615e-02]
   [ 6.35813847e-02  8.97222534e-02  1.10632502e-01]
   [ 2.43214145e-02  1.50417268e-01  1.12604767e-01]]]


 [[[ 7.99808884e-04 -1.15538947e-01 -4.26034331e-02]
   [ 1.72950268e-01  7.24776909e-02 -6.77160099e-02]
   [-5.48384041e-02  3.80978696e-02  1.07019633e-01]]

  [[ 1.63238063e-01  8.82848278e-02  6.14625104e-02]
   [ 4.20950875e-02 -1.38602063e-01 -5.65801114e-02]
   [ 2.74496041e-02 -1.11968681e-01 -1.66989312e-01]]

  [[ 1.30912721e-01  5.71123734e-02 -1.36933416e-01]
   [ 3.39100622e-02  1.00874379e-01  1.28832340e-01]
   [ 1.54226437e-01 -5.26954308e-02  1.33622855e-01]]

  [[-1.48181990e-01  1.22010754e-02 -8.08585137e-02]
   [-5.95375150e-02  1.26762807e-01  7.10450783e-02]
   [-6.72663823e-02 -6.94760866e-03 -3.45403305e-03]]]


 ...


 [[[ 3.41436639e-03  1.69536591e-01 -1.60123017e-02]
   [ 1.97640628e-01 -1.46750271e-01 -1.39260039e-01]
   [ 3.06281541e-02  3.06565035e-02 -5.29333614e-02]]

  [[-7.03621879e-02  7.51753524e-02  5.30347340e-02]
   [-1.18182655e-02  1.15716845e-01 -4.17347066e-02]
   [ 1.36732519e-01 -9.81600732e-02 -7.02547580e-02]]

  [[ 4.51303199e-02  1.01832084e-01  1.70517084e-03]
   [-1.34541705e-01 -3.46269719e-02 -9.21406075e-02]
   [-5.18616736e-02 -1.08169373e-02  6.94461986e-02]]

  [[-8.71937200e-02 -1.68738157e-01 -1.37966067e-01]
   [-1.65980190e-01 -2.10526079e-01  4.66092527e-02]
   [ 9.74925607e-02  1.18592463e-01  1.77418627e-02]]]


 [[[-3.18663344e-02 -7.44709894e-02  1.28394231e-01]
   [-1.39790609e-01  1.98761433e-01 -1.13057904e-01]
   [-9.72869396e-02 -1.19774058e-01  1.21200860e-01]]

  [[ 1.39155820e-01  5.22666983e-02  2.34724097e-02]
   [ 1.74360543e-01  1.18918620e-01  1.38169199e-01]
   [-9.99199152e-02  4.63436171e-02  1.60014629e-01]]

  [[-1.26041740e-01  1.68621689e-01 -1.35979503e-01]
   [-5.99964671e-02 -5.15805595e-02  2.97156572e-02]
   [ 9.70651768e-03 -1.09215133e-01  7.79412985e-02]]

  [[ 4.09461595e-02 -2.96973288e-02 -1.66886657e-01]
   [ 1.49311215e-01 -9.02011842e-02 -1.05220065e-01]
   [ 1.64656162e-01 -8.69084224e-02  1.05362490e-01]]]


 [[[ 1.13811925e-01 -1.40674666e-01 -1.51790828e-01]
   [-8.20108503e-02  7.50699565e-02  1.84037313e-01]
   [-5.45687601e-02 -9.35679451e-02 -7.32293800e-02]]

  [[-1.30867839e-01  1.71753019e-01 -9.70729347e-03]
   [-1.57645583e-01 -1.47886485e-01  6.71739802e-02]
   [ 8.26037228e-02  1.15628630e-01 -3.18882205e-02]]

  [[-4.95193340e-02  6.38895854e-02  9.70953144e-03]
   [-5.33057936e-02  9.41971689e-03 -1.10777766e-01]
   [-9.44286734e-02 -2.40450632e-02 -9.20338482e-02]]

  [[-4.62888321e-03  5.62315853e-03  1.48431540e-01]
   [ 5.18962853e-02  5.47696138e-03 -1.17794409e-01]
   [-8.64702389e-02 -4.23616506e-02 -1.28443629e-01]]]]

PWC1_lambda
shape: (32, 8, 1, 1)
[[[[-0.05457434]]

  [[ 0.20003365]]

  [[ 0.21624866]]

  [[-0.00539934]]

  [[-0.17780255]]

  [[-0.31998318]]

  [[-0.25258276]]

  [[ 0.32481247]]]


 [[[-0.3089623 ]]

  [[-0.13645713]]

  [[ 0.2038131 ]]

  [[ 0.20005941]]

  [[-0.30395716]]

  [[ 0.07905418]]

  [[ 0.02735084]]

  [[ 0.3186628 ]]]


 [[[-0.04279704]]

  [[ 0.16483647]]

  [[-0.02609136]]

  [[ 0.34232986]]

  [[-0.09368627]]

  [[-0.20310105]]

  [[ 0.05672708]]

  [[-0.21371289]]]


 [[[ 0.09408715]]

  [[ 0.27298865]]

  [[-0.3256029 ]]

  [[-0.2926903 ]]

  [[ 0.11715729]]

  [[-0.02577461]]

  [[-0.1343313 ]]

  [[ 0.33628592]]]


 [[[ 0.12649699]]

  [[-0.11572723]]

  [[ 0.02089627]]

  [[-0.01485983]]

  [[-0.23612736]]

  [[ 0.1958187 ]]

  [[-0.2769027 ]]

  [[ 0.04021479]]]


 [[[ 0.285278  ]]

  [[-0.34560212]]

  [[ 0.05702937]]

  [[ 0.3496503 ]]

  [[ 0.20361263]]

  [[-0.11813241]]

  [[ 0.08709061]]

  [[-0.39516214]]]


 [[[ 0.04210206]]

  [[ 0.3016402 ]]

  [[ 0.30577472]]

  [[ 0.02878011]]

  [[ 0.09070952]]

  [[-0.03440639]]

  [[-0.11081102]]

  [[-0.00955226]]]


 [[[-0.10840622]]

  [[ 0.13832678]]

  [[ 0.16844861]]

  [[-0.19141848]]

  [[ 0.00567497]]

  [[-0.25763592]]

  [[ 0.14859949]]

  [[ 0.12126411]]]


 [[[ 0.37213996]]

  [[-0.38923553]]

  [[-0.2344302 ]]

  [[ 0.06407806]]

  [[ 0.41382796]]

  [[ 0.016588  ]]

  [[ 0.02878239]]

  [[ 0.02998147]]]


 [[[-0.02386774]]

  [[ 0.23378873]]

  [[ 0.3065496 ]]

  [[-0.21534544]]

  [[-0.18001059]]

  [[-0.27691075]]

  [[-0.02583168]]

  [[-0.02358708]]]


 [[[ 0.31081006]]

  [[-0.4059073 ]]

  [[ 0.30708897]]

  [[-0.15610777]]

  [[ 0.1200181 ]]

  [[-0.00783127]]

  [[ 0.13274951]]

  [[-0.2888667 ]]]


 [[[-0.2433531 ]]

  [[-0.00382986]]

  [[ 0.20805301]]

  [[-0.18159509]]

  [[ 0.15350322]]

  [[-0.13890058]]

  [[-0.36386508]]

  [[ 0.06213551]]]


 [[[-0.05558232]]

  [[ 0.19508307]]

  [[ 0.2550489 ]]

  [[ 0.2526616 ]]

  [[ 0.25011593]]

  [[-0.28221598]]

  [[-0.36914504]]

  [[ 0.02035957]]]


 [[[ 0.12554753]]

  [[-0.32371846]]

  [[ 0.3440736 ]]

  [[ 0.00968341]]

  [[-0.12074819]]

  [[ 0.25729692]]

  [[ 0.256739  ]]

  [[ 0.04730557]]]


 [[[-0.10214578]]

  [[ 0.04180321]]

  [[-0.2795411 ]]

  [[ 0.21280938]]

  [[ 0.273863  ]]

  [[-0.0707178 ]]

  [[-0.26875573]]

  [[ 0.26594552]]]


 [[[-0.28959277]]

  [[-0.2097728 ]]

  [[ 0.24344462]]

  [[-0.16102071]]

  [[ 0.10752007]]

  [[ 0.31439862]]

  [[-0.04045352]]

  [[-0.08256086]]]


 [[[ 0.30232328]]

  [[ 0.05629315]]

  [[ 0.11420076]]

  [[-0.11939613]]

  [[-0.36686966]]

  [[ 0.07963697]]

  [[-0.15840624]]

  [[-0.16070169]]]


 [[[-0.32539928]]

  [[ 0.33191705]]

  [[-0.29938507]]

  [[ 0.1533435 ]]

  [[ 0.00155077]]

  [[ 0.2619252 ]]

  [[ 0.17463599]]

  [[-0.25550425]]]


 [[[ 0.1364493 ]]

  [[-0.13121727]]

  [[-0.05053357]]

  [[-0.12977679]]

  [[-0.26455876]]

  [[ 0.12391174]]

  [[-0.2626369 ]]

  [[ 0.381198  ]]]


 [[[ 0.16359578]]

  [[-0.12451687]]

  [[-0.16860291]]

  [[-0.36945692]]

  [[-0.12954885]]

  [[-0.24090275]]

  [[ 0.07309858]]

  [[ 0.10365637]]]


 [[[ 0.34993693]]

  [[ 0.04823507]]

  [[-0.07180964]]

  [[-0.16723591]]

  [[-0.01155737]]

  [[ 0.19709988]]

  [[-0.3594549 ]]

  [[-0.3949735 ]]]


 [[[ 0.1966001 ]]

  [[-0.08961183]]

  [[-0.08393926]]

  [[-0.27039665]]

  [[-0.17889568]]

  [[-0.32747412]]

  [[-0.16518605]]

  [[-0.3185592 ]]]


 [[[-0.1978075 ]]

  [[ 0.30263337]]

  [[-0.21376656]]

  [[ 0.3024634 ]]

  [[-0.35439634]]

  [[ 0.05400762]]

  [[-0.0396706 ]]

  [[-0.29726377]]]


 [[[-0.03533104]]

  [[ 0.28881374]]

  [[-0.17379503]]

  [[ 0.345083  ]]

  [[-0.10207625]]

  [[-0.08370304]]

  [[ 0.12837481]]

  [[ 0.24873078]]]


 [[[ 0.38799793]]

  [[ 0.22481963]]

  [[-0.3075849 ]]

  [[-0.13822772]]

  [[ 0.07632811]]

  [[-0.19414796]]

  [[ 0.21100578]]

  [[-0.17336334]]]


 [[[-0.3152279 ]]

  [[-0.11873238]]

  [[-0.25779125]]

  [[ 0.1503908 ]]

  [[-0.2266949 ]]

  [[-0.08613235]]

  [[ 0.00561221]]

  [[ 0.16695227]]]


 [[[-0.2787173 ]]

  [[ 0.2686601 ]]

  [[-0.21999215]]

  [[-0.264394  ]]

  [[ 0.17240998]]

  [[-0.24517408]]

  [[ 0.27918077]]

  [[ 0.18767214]]]


 [[[-0.18669805]]

  [[-0.05065304]]

  [[-0.18345349]]

  [[ 0.00276347]]

  [[-0.05097499]]

  [[ 0.00088991]]

  [[-0.2338226 ]]

  [[-0.31167912]]]


 [[[-0.26714432]]

  [[ 0.08387693]]

  [[ 0.0178111 ]]

  [[-0.1577953 ]]

  [[-0.11424976]]

  [[-0.02670585]]

  [[ 0.24154526]]

  [[-0.30138117]]]


 [[[-0.17021039]]

  [[-0.05896226]]

  [[-0.04753468]]

  [[-0.17149305]]

  [[ 0.13678345]]

  [[-0.09795462]]

  [[ 0.00730077]]

  [[-0.24414834]]]


 [[[ 0.3714939 ]]

  [[-0.25818712]]

  [[-0.01286577]]

  [[ 0.31872505]]

  [[ 0.26418185]]

  [[-0.29585424]]

  [[ 0.17678398]]

  [[-0.21619055]]]


 [[[-0.04136953]]

  [[ 0.15142281]]

  [[ 0.02307245]]

  [[ 0.28768912]]

  [[-0.10385037]]

  [[-0.27866617]]

  [[-0.00746716]]

  [[ 0.12649742]]]]

PWC2_lambda
shape: (24, 8, 1, 1)
[[[[ 0.29422083]]

  [[-0.13522515]]

  [[-0.03273435]]

  [[-0.19933346]]

  [[-0.22707322]]

  [[-0.29974753]]

  [[-0.28177777]]

  [[-0.19604355]]]


 [[[ 0.07162031]]

  [[-0.06542483]]

  [[ 0.21106072]]

  [[ 0.27644518]]

  [[-0.29090303]]

  [[ 0.08726578]]

  [[ 0.21642895]]

  [[-0.2769975 ]]]


 [[[-0.08877045]]

  [[ 0.2627007 ]]

  [[-0.25255108]]

  [[ 0.32392395]]

  [[ 0.01606414]]

  [[ 0.06662349]]

  [[ 0.2780691 ]]

  [[-0.32792425]]]


 [[[ 0.343488  ]]

  [[-0.33223638]]

  [[ 0.17025684]]

  [[-0.0246631 ]]

  [[ 0.31873202]]

  [[-0.02025968]]

  [[-0.36099035]]

  [[ 0.03458328]]]


 [[[ 0.22352591]]

  [[-0.08753108]]

  [[-0.3401588 ]]

  [[-0.04843512]]

  [[ 0.00714556]]

  [[ 0.10815407]]

  [[ 0.1293326 ]]

  [[-0.06313822]]]


 [[[-0.04551122]]

  [[-0.08298676]]

  [[ 0.18029715]]

  [[ 0.0653294 ]]

  [[ 0.09035634]]

  [[ 0.02161846]]

  [[-0.03465417]]

  [[ 0.23364373]]]


 [[[ 0.00545788]]

  [[-0.32624727]]

  [[ 0.0708774 ]]

  [[ 0.34677902]]

  [[-0.10429172]]

  [[ 0.2451378 ]]

  [[-0.23780796]]

  [[-0.07385162]]]


 [[[ 0.26038897]]

  [[-0.19728702]]

  [[-0.09311434]]

  [[-0.02109926]]

  [[-0.03054227]]

  [[-0.08437041]]

  [[ 0.22666629]]

  [[-0.09742528]]]


 [[[-0.15369953]]

  [[ 0.26318485]]

  [[ 0.09426542]]

  [[-0.12904118]]

  [[ 0.20484354]]

  [[-0.16982616]]

  [[ 0.37481034]]

  [[ 0.360072  ]]]


 [[[ 0.02652047]]

  [[ 0.09506639]]

  [[-0.06918943]]

  [[-0.2991677 ]]

  [[-0.24690075]]

  [[ 0.1331873 ]]

  [[ 0.1454607 ]]

  [[-0.03677242]]]


 [[[-0.16110483]]

  [[-0.13665558]]

  [[-0.16028412]]

  [[-0.19392252]]

  [[ 0.23038822]]

  [[-0.30813187]]

  [[ 0.29143462]]

  [[ 0.2099318 ]]]


 [[[-0.11177415]]

  [[-0.0457521 ]]

  [[-0.0518825 ]]

  [[-0.3323854 ]]

  [[ 0.06116858]]

  [[-0.29840538]]

  [[ 0.04729319]]

  [[-0.0886665 ]]]


 [[[-0.3036611 ]]

  [[-0.31822127]]

  [[ 0.36763388]]

  [[ 0.24345672]]

  [[ 0.29334992]]

  [[ 0.09499186]]

  [[ 0.16429453]]

  [[ 0.19258618]]]


 [[[ 0.22993116]]

  [[ 0.05521587]]

  [[ 0.05607979]]

  [[ 0.25817096]]

  [[ 0.16566144]]

  [[-0.21203378]]

  [[ 0.24387264]]

  [[ 0.362648  ]]]


 [[[-0.12643524]]

  [[-0.33115676]]

  [[-0.06171728]]

  [[-0.2474564 ]]

  [[ 0.368941  ]]

  [[-0.12600958]]

  [[-0.19143717]]

  [[ 0.23463185]]]


 [[[ 0.12228614]]

  [[ 0.07230329]]

  [[ 0.3244806 ]]

  [[-0.36026752]]

  [[ 0.1544894 ]]

  [[-0.14168932]]

  [[ 0.10760196]]

  [[-0.17107962]]]


 [[[ 0.3592963 ]]

  [[-0.06442481]]

  [[ 0.00508058]]

  [[-0.2802258 ]]

  [[ 0.25121704]]

  [[-0.3491026 ]]

  [[ 0.17047036]]

  [[ 0.22307125]]]


 [[[ 0.2987433 ]]

  [[ 0.20353946]]

  [[-0.16555375]]

  [[ 0.08593474]]

  [[ 0.13706164]]

  [[-0.35036135]]

  [[ 0.15616523]]

  [[-0.28590676]]]


 [[[ 0.18198557]]

  [[ 0.31628525]]

  [[-0.11541545]]

  [[ 0.05379548]]

  [[ 0.3211278 ]]

  [[ 0.31292984]]

  [[ 0.28698325]]

  [[-0.28659746]]]


 [[[ 0.08083566]]

  [[-0.30032378]]

  [[ 0.10746636]]

  [[-0.35073075]]

  [[ 0.04398408]]

  [[ 0.19517434]]

  [[-0.32500225]]

  [[-0.06682912]]]


 [[[-0.18166651]]

  [[ 0.28981885]]

  [[-0.02658758]]

  [[ 0.23995145]]

  [[-0.3011525 ]]

  [[ 0.07166541]]

  [[ 0.2853147 ]]

  [[ 0.01338653]]]


 [[[-0.1303103 ]]

  [[-0.14251325]]

  [[ 0.26511633]]

  [[ 0.12467933]]

  [[ 0.02768808]]

  [[ 0.21264602]]

  [[-0.19854341]]

  [[-0.26114026]]]


 [[[-0.0773067 ]]

  [[ 0.27301052]]

  [[-0.35933852]]

  [[-0.15386221]]

  [[ 0.07847324]]

  [[ 0.11098529]]

  [[ 0.14352885]]

  [[ 0.11321419]]]


 [[[-0.3420267 ]]

  [[-0.15020481]]

  [[ 0.19287947]]

  [[ 0.0609794 ]]

  [[ 0.17360686]]

  [[ 0.27481404]]

  [[ 0.21904516]]

  [[-0.1752426 ]]]]

