GWC_lambda
shape: (32, 4, 3, 3)
[[[[ 1.35520786e-01,  1.45674914e-01,  1.04694083e-01],
   [ 5.83457090e-02, -6.74677938e-02, -6.29527643e-02],
   [-8.23532641e-02,  2.24469826e-02, -1.47916168e-01]],

  [[ 6.23645000e-02,  1.19310223e-01,  1.66918874e-01],
   [-1.50526777e-01,  1.67647883e-01, -8.31837282e-02],
   [ 6.20837975e-03,  1.69606894e-01,  1.13268465e-01]],

  [[-2.04483997e-02,  1.17836453e-01, -1.80705592e-01],
   [ 1.43914834e-01,  1.42020136e-01, -3.26183774e-02],
   [ 3.56386900e-02, -4.38518003e-02, -1.27117559e-01]],

  [[-5.54118603e-02, -1.46556748e-02, -1.10549010e-01],
   [-1.27256766e-01,  3.76301259e-03, -9.13745984e-02],
   [-9.82432738e-02,  1.52595127e-02, -5.89505285e-02]]],


 [[[ 1.51115328e-01, -5.60799651e-02, -9.24957171e-02],
   [-4.49506305e-02, -1.30545884e-01,  8.12932849e-02],
   [ 1.46234468e-01, -8.90781954e-02, -5.91970831e-02]],

  [[ 1.51290074e-01, -1.24839045e-01,  4.48245108e-02],
   [-1.38274014e-01, -1.57855213e-01, -8.58865771e-03],
   [-9.66800153e-02,  7.91221932e-02, -6.00642897e-02]],

  [[-7.71614816e-03, -8.53552148e-02,  4.12766002e-02],
   [ 1.59329057e-01, -8.91113468e-03, -1.09961346e-01],
   [-1.53992638e-01,  1.66718900e-01,  7.35754296e-02]],

  [[ 5.85425347e-02,  2.34993342e-02,  7.66407773e-02],
   [ 5.73888011e-02,  8.43667835e-02,  1.04822658e-01],
   [ 2.16899011e-02,  1.45867988e-01,  1.05753049e-01]]],


 [[[ 5.78619132e-04, -1.17997833e-01, -4.25094515e-02],
   [ 1.73570439e-01,  7.32373595e-02, -6.56021163e-02],
   [-5.18020391e-02,  4.17726450e-02,  1.04230665e-01]],

  [[ 1.65041715e-01,  8.93965140e-02,  6.12958409e-02],
   [ 4.38605286e-02, -1.38352960e-01, -5.60577586e-02],
   [ 2.80167386e-02, -1.12260103e-01, -1.63528070e-01]],

  [[ 1.29942283e-01,  5.53830788e-02, -1.37511149e-01],
   [ 3.41300629e-02,  1.02064028e-01,  1.26407668e-01],
   [ 1.54334798e-01, -5.15059717e-02,  1.28965765e-01]],

  [[-1.46588296e-01,  1.30112488e-02, -8.02112520e-02],
   [-5.51017858e-02,  1.31037340e-01,  7.72840306e-02],
   [-6.46448433e-02, -5.48458332e-03, -6.13112294e-04]]],


 [[[-8.65387544e-02, -9.97986123e-02,  1.05960146e-01],
   [ 1.09968252e-01,  1.45817205e-01, -9.62872282e-02],
   [ 1.23946406e-01, -4.14648652e-02, -2.63208468e-02]],

  [[-1.51774306e-02,  1.73958950e-02, -3.55221853e-02],
   [ 3.53269204e-02, -7.39858747e-02,  1.05116524e-01],
   [-1.52873844e-01, -7.66651407e-02, -1.37983516e-01]],

  [[ 5.09501472e-02,  6.77697361e-02, -1.85340419e-01],
   [-1.39791727e-01,  8.97062197e-02, -9.41032916e-03],
   [ 1.26041293e-01, -1.15199491e-01,  1.08513936e-01]],

  [[ 1.00238703e-01, -6.30471781e-02, -3.71436551e-02],
   [ 8.84415507e-02,  3.33483331e-03, -1.28949899e-02],
   [-4.38600313e-03, -6.16375171e-02, -8.17506090e-02]]],


 [[[ 1.69291586e-01, -3.30311246e-02,  1.51635900e-01],
   [ 1.52846977e-01, -1.17904373e-01,  1.37732159e-02],
   [-4.30065058e-02, -2.98534259e-02,  1.19608417e-01]],

  [[ 6.00875057e-02, -1.12174332e-01, -1.35312065e-01],
   [-1.72107488e-01, -1.41425714e-01,  5.88656366e-02],
   [-1.36078998e-01, -8.84758134e-04, -5.19800782e-02]],

  [[ 7.82734230e-02, -2.42770296e-02,  1.46594658e-01],
   [ 9.28476676e-02,  9.26470831e-02,  1.04202896e-01],
   [ 2.41816845e-02,  7.67476764e-03,  1.69420242e-01]],

  [[ 1.44837396e-02,  1.41518712e-01,  6.66230405e-03],
   [ 8.46278388e-03,  1.75465807e-01, -1.64159015e-01],
   [ 2.51317583e-02,  1.63926363e-01, -8.14845115e-02]]],


 [[[ 9.93400533e-03,  2.98981406e-02,  1.06242858e-01],
   [ 1.05049975e-01,  9.08613876e-02,  1.16968349e-01],
   [-2.76343860e-02,  1.21059991e-01, -1.18775470e-02]],

  [[ 1.04740985e-01, -4.84918095e-02, -1.47090763e-01],
   [ 1.22814949e-04,  6.35499582e-02, -1.94110069e-02],
   [-6.63077505e-03, -8.57952051e-03,  8.65476504e-02]],

  [[ 7.63911149e-03, -1.35781899e-01, -9.82944593e-02],
   [ 2.59611867e-02,  2.59524230e-02,  1.80475608e-01],
   [-2.83147041e-02,  1.51401579e-01, -1.25677511e-01]],

  [[-1.56708822e-01, -2.54545864e-02, -1.42579168e-01],
   [-2.89879832e-02,  4.89740297e-02, -1.22552373e-01],
   [ 1.19049929e-01, -1.11785464e-01,  1.28564239e-01]]],


 [[[ 5.56755476e-02, -3.23473252e-02, -1.36562765e-01],
   [ 2.91045830e-02, -9.91889015e-02,  1.41734123e-01],
   [-1.33679658e-01, -5.33014797e-02, -9.87206176e-02]],

  [[-1.15674265e-01, -1.02468751e-01, -2.93789227e-02],
   [ 9.54912603e-03,  2.55730376e-02,  7.37405121e-02],
   [-4.97239195e-02, -8.25179219e-02, -2.26025116e-02]],

  [[ 1.91209123e-01, -1.98144000e-03, -1.36359662e-01],
   [ 1.49028748e-01,  4.34978195e-02,  3.44436541e-02],
   [ 1.74260866e-02,  8.96437094e-02, -9.64123607e-02]],

  [[ 1.46521062e-01,  1.95802972e-01, -1.89060196e-02],
   [ 1.28267691e-01,  1.24114677e-01,  1.82606533e-01],
   [-4.57082577e-02, -9.61375609e-02, -5.52034713e-02]]],


 [[[-6.08521961e-02,  9.89946574e-02,  2.39154398e-01],
   [ 1.51670516e-01,  2.04030514e-01,  5.69417216e-02],
   [ 1.78082082e-02,  1.91377461e-01,  1.40620828e-01]],

  [[ 9.21768229e-03, -3.03043164e-02,  7.36907125e-02],
   [ 1.87606309e-02, -1.02456711e-01, -2.53306571e-02],
   [ 1.35325313e-01,  1.39373690e-01, -5.37416339e-02]],

  [[-8.56987834e-02, -5.99305369e-02, -5.54611757e-02],
   [ 4.59131189e-02, -1.46581113e-01,  2.19398420e-02],
   [-1.94574133e-01, -8.00752118e-02, -7.73990154e-02]],

  [[-6.80790693e-02, -1.62212729e-01, -1.75574809e-01],
   [-1.42044187e-01, -1.93508834e-01, -2.47545123e-01],
   [-1.91638485e-01,  3.38449292e-02, -1.84364289e-01]]],


 [[[-1.42347232e-01,  1.40549392e-01,  8.30626637e-02],
   [ 7.38875568e-02, -1.31088704e-01, -2.05387264e-01],
   [-8.61499608e-02, -8.84705484e-02, -3.91074130e-03]],

  [[ 6.01551831e-02,  6.03597239e-02, -1.74479589e-01],
   [ 8.33902061e-02, -1.49408787e-01,  8.00484344e-02],
   [ 1.04758330e-02,  4.67600077e-02,  6.91999719e-02]],

  [[ 3.20194699e-02,  1.78460047e-01,  8.77539888e-02],
   [ 1.25107527e-01,  9.17793289e-02, -1.28444493e-01],
   [ 1.71129510e-01,  2.36516446e-03,  1.91056654e-01]],

  [[ 1.65033471e-02,  1.84456259e-01, -4.84094843e-02],
   [ 9.10248756e-02, -6.36841059e-02,  1.70223892e-01],
   [ 6.87751397e-02,  7.63814747e-02, -1.27352417e-01]]],


 [[[-1.86643019e-01,  1.10211551e-01, -1.03580430e-01],
   [ 4.92788702e-02, -8.11279565e-02, -7.89947584e-02],
   [ 4.30756109e-03,  1.15316994e-01,  5.69711663e-02]],

  [[-2.53897049e-02, -8.19013342e-02,  5.12787281e-03],
   [ 6.37605712e-02, -1.51577979e-01, -5.69096357e-02],
   [-1.61571443e-01,  1.82004534e-02, -2.66641174e-02]],

  [[ 1.16110086e-01,  1.94675863e-01, -1.43468648e-01],
   [-4.82933186e-02,  2.52104569e-02, -6.04888517e-03],
   [ 3.24041839e-03, -6.87720850e-02, -6.10643402e-02]],

  [[ 4.48060036e-02,  1.52128369e-01, -4.16521132e-02],
   [ 1.65520236e-01, -1.47305131e-01,  6.61759228e-02],
   [-1.40589684e-01, -1.70588002e-01,  7.14398921e-02]]],


 [[[-9.70445275e-02,  1.19910404e-01,  1.27034307e-01],
   [-2.22479567e-01,  2.42503895e-03, -5.40920086e-02],
   [-1.16201907e-01, -1.29343003e-01, -7.49480799e-02]],

  [[ 4.96823229e-02,  6.85211830e-03,  7.93873444e-02],
   [ 1.16334809e-03,  1.54339978e-02,  2.90942937e-02],
   [-6.29620627e-02, -3.77217680e-02, -1.73574492e-01]],

  [[-1.83062945e-02, -2.95048971e-02, -3.95051874e-02],
   [-1.16083845e-01,  3.13831381e-02, -1.37419671e-01],
   [ 2.85524819e-02, -1.59799438e-02, -1.43452073e-02]],

  [[ 1.52501941e-01,  1.04878314e-01,  4.25488278e-02],
   [-4.04265672e-02,  5.73790483e-02, -8.72603506e-02],
   [ 1.47361338e-01,  1.60076946e-01, -3.58115919e-02]]],


 [[[ 1.14341609e-01,  1.76955804e-01, -6.53344616e-02],
   [-1.09019741e-01,  5.03713451e-03, -1.76401269e-02],
   [-1.33241594e-01,  1.49585232e-02, -1.08720265e-01]],

  [[ 1.03234291e-01, -1.18752848e-02,  1.31919339e-01],
   [ 1.66790783e-01, -5.92850931e-02,  4.21445481e-02],
   [-2.68369056e-02, -8.36258307e-02, -6.41644076e-02]],

  [[ 4.01143879e-02,  1.03715971e-01, -6.22513704e-02],
   [ 3.34212929e-02,  1.34828195e-01,  5.38247935e-02],
   [ 1.26083314e-01,  8.33441317e-02, -1.58584103e-01]],

  [[-8.02860707e-02, -1.54701442e-01,  1.58031866e-01],
   [-1.08477734e-01, -1.36395738e-01,  1.83569416e-01],
   [ 1.02158055e-01, -1.64538413e-01,  1.51768953e-01]]],


 [[[-2.23732553e-02,  3.38571742e-02, -1.13749363e-01],
   [-1.25305885e-02,  5.56913354e-02,  1.31727725e-01],
   [ 9.89567265e-02, -7.95933306e-02, -8.47864896e-02]],

  [[-2.05048430e-03,  6.61801994e-02,  1.11814804e-01],
   [-1.56551674e-01, -1.69872511e-02,  2.26180814e-03],
   [-6.43731877e-02,  1.38672620e-01, -4.20394912e-02]],

  [[-1.75222829e-01, -1.32635057e-01, -3.22363079e-02],
   [-1.34402946e-01,  5.70130982e-02,  1.71917662e-01],
   [-2.77159195e-02, -6.85941353e-02,  1.54779628e-01]],

  [[ 1.16464958e-01,  1.22825578e-01,  1.35940723e-02],
   [ 1.15110399e-02, -1.02010258e-01,  3.39344889e-02],
   [ 1.96689889e-01,  4.38202173e-02, -1.33130476e-01]]],


 [[[ 9.27714556e-02,  1.59573033e-01,  1.22350872e-01],
   [-1.92240768e-04,  5.22801913e-02, -1.50046237e-02],
   [-6.02181107e-02, -4.33944315e-02,  1.31983131e-01]],

  [[-2.56577395e-02,  1.08293392e-01, -1.44174933e-01],
   [-5.15789837e-02, -5.33442795e-02, -9.93679538e-02],
   [ 8.67619738e-02,  1.08734488e-01, -1.22406654e-01]],

  [[ 2.20942929e-01,  2.35764325e-01, -4.90592532e-02],
   [ 2.33711787e-02,  2.24971041e-01, -1.03638925e-01],
   [ 3.45744118e-02, -1.02452882e-01,  1.78946540e-01]],

  [[ 3.60055715e-02,  7.97323659e-02,  1.62081853e-01],
   [-2.62339730e-02, -1.12901643e-01,  6.19920976e-02],
   [-2.12755874e-02,  6.08868338e-02,  1.02258652e-01]]],


 [[[-9.40706283e-02, -5.88767044e-02,  1.22011498e-01],
   [ 3.83435525e-02,  4.65522148e-02,  8.85253921e-02],
   [ 5.69018014e-02, -1.32001817e-01,  1.58807877e-02]],

  [[ 2.52201613e-02, -1.54823616e-01,  4.53057662e-02],
   [ 1.21062165e-02,  1.36304006e-01, -1.42164752e-01],
   [ 1.75212368e-01, -5.79272136e-02,  1.15549646e-01]],

  [[ 8.82748738e-02, -4.73322794e-02, -1.09589688e-01],
   [-6.89496621e-02, -1.27693549e-01, -1.36427172e-02],
   [ 2.18457505e-02, -4.80187964e-03, -1.39858752e-01]],

  [[ 1.27162695e-01,  1.75760627e-01, -4.77801822e-02],
   [ 1.13759361e-01, -6.73356652e-03,  3.68796214e-02],
   [-1.12956472e-01, -1.55547619e-01, -2.82791201e-02]]],


 [[[-1.38888583e-01,  6.33091405e-02,  1.65441141e-01],
   [-3.31523642e-02,  1.84762024e-03,  3.19801010e-02],
   [-8.88021514e-02, -9.74735152e-03,  4.29062173e-02]],

  [[ 1.16159923e-01, -1.45295352e-01, -2.67279632e-02],
   [-1.63532287e-01, -4.73345406e-02, -3.65325250e-02],
   [-6.24397546e-02,  8.30288902e-02,  1.07002348e-01]],

  [[-5.32228500e-02,  1.40761370e-02, -1.70027744e-02],
   [ 2.21696869e-02,  1.00592144e-01,  1.74938440e-01],
   [-1.50876015e-01,  7.90052414e-02, -9.71424356e-02]],

  [[-1.23688079e-01,  1.04181692e-01, -6.64638281e-02],
   [-7.92225748e-02,  5.21539003e-02, -2.70900428e-02],
   [-1.77870333e-01, -1.03422388e-01, -9.16580707e-02]]],


 [[[ 4.64040600e-02, -1.05444498e-01, -1.98951483e-01],
   [ 1.36825725e-01, -2.11438924e-01, -8.20160881e-02],
   [ 2.44393751e-01, -7.78412521e-02, -1.22531034e-01]],

  [[ 3.49334776e-02,  1.53537661e-01, -3.26196081e-03],
   [-1.86280329e-02,  9.73848626e-02,  3.27151865e-02],
   [ 2.56155618e-02,  1.08631872e-01,  8.76986012e-02]],

  [[-1.29302382e-01, -1.33094639e-01,  9.23597440e-02],
   [ 7.78707489e-02,  4.92274202e-02,  1.99125662e-01],
   [ 7.78346732e-02,  8.33144318e-03,  1.62000746e-01]],

  [[-1.39970422e-01,  3.94093655e-02,  3.05706952e-02],
   [-2.77547650e-02, -6.83405772e-02,  2.41944809e-02],
   [-1.38927147e-01, -6.60782978e-02,  1.07516594e-01]]],


 [[[-8.29711929e-02, -5.59207201e-02,  1.23233721e-01],
   [-8.82916078e-02, -4.46560644e-02, -1.38013080e-01],
   [ 1.07485630e-01, -1.94523126e-01, -2.38052718e-02]],

  [[-1.81572363e-01, -1.60384700e-01,  1.02112785e-01],
   [-8.16257000e-02,  8.99233203e-03,  2.60909577e-03],
   [ 1.28631696e-01,  4.13756482e-02,  7.11126551e-02]],

  [[-7.95650557e-02, -9.23019946e-02,  9.70669091e-02],
   [ 6.63636997e-02,  2.62356289e-02, -1.35577276e-01],
   [-1.72476307e-01, -3.77401034e-03, -1.36943802e-01]],

  [[ 1.10644139e-01,  1.36003479e-01, -7.38071948e-02],
   [-1.46619603e-01,  1.44810036e-01, -1.06114015e-01],
   [-1.45232975e-01, -1.28722638e-01,  1.40704364e-02]]],


 [[[ 9.01537463e-02,  1.41754270e-01,  1.76541716e-01],
   [ 9.09239501e-02,  5.46783358e-02,  1.54162824e-01],
   [-4.08667438e-02,  3.03411409e-02,  1.80012792e-01]],

  [[-1.36311855e-02,  1.33110642e-01,  8.45315829e-02],
   [ 9.37432945e-02, -5.50337369e-03, -1.12791471e-01],
   [ 1.52035981e-01,  1.74135774e-01, -8.28486905e-02]],

  [[-1.16255470e-01, -2.90641189e-02,  4.18016277e-02],
   [-8.63162875e-02, -9.97318253e-02,  1.09282248e-01],
   [-1.12685859e-01,  1.25000268e-01, -3.61141078e-02]],

  [[ 1.07637510e-01,  6.11985102e-02,  5.37743047e-02],
   [ 1.55938506e-01,  2.19212417e-02,  1.57760412e-01],
   [ 7.90598541e-02, -7.14978874e-02,  1.27294734e-01]]],


 [[[-1.76798776e-01,  1.29712224e-01,  6.09002262e-03],
   [ 4.08308245e-02,  2.29766034e-02,  5.17101772e-02],
   [-2.39441125e-03,  1.40980721e-01,  5.15491776e-02]],

  [[-1.46820560e-01,  1.40557975e-01, -1.37157023e-01],
   [-7.15671331e-02,  4.98456210e-02,  1.42515317e-01],
   [ 4.86344025e-02, -9.77974236e-02,  5.74749038e-02]],

  [[-7.61009306e-02,  1.10450707e-01, -3.83811183e-02],
   [ 9.46476534e-02, -8.61195698e-02,  5.00064418e-02],
   [ 2.16695607e-01, -8.90646204e-02,  6.40773475e-02]],

  [[-8.59555677e-02, -5.33825606e-02,  1.48568183e-01],
   [-1.70920819e-01, -1.96301918e-02,  7.72661641e-02],
   [ 5.42339794e-02, -6.91356212e-02, -1.14078537e-01]]],


 [[[ 1.27166465e-01, -7.53238127e-02,  7.80985132e-02],
   [-1.12750428e-02,  2.90044323e-02,  2.26020351e-01],
   [-4.75338735e-02, -3.54255736e-02, -1.36605620e-01]],

  [[ 1.03131898e-01,  1.47125304e-01, -9.30736214e-02],
   [ 1.26790002e-01,  1.21819943e-01, -1.10814191e-01],
   [ 5.19021489e-02,  9.05068144e-02,  1.37176609e-03]],

  [[ 1.02625750e-01, -2.58587040e-02, -2.72831637e-02],
   [ 6.42244443e-02, -1.73697516e-01, -1.94302499e-01],
   [ 2.91715823e-02, -1.04468875e-02,  8.76405567e-04]],

  [[-1.56095505e-01,  5.79702146e-02, -1.69825837e-01],
   [-1.55214727e-01, -1.95998892e-01, -2.24890128e-01],
   [-5.60464384e-03, -1.22868210e-01,  2.71840189e-02]]],


 [[[ 9.98327732e-02,  4.74631451e-02,  1.68151692e-01],
   [-1.65099114e-01,  1.29964918e-01,  1.13602288e-01],
   [-9.00874436e-02,  1.32361073e-02, -1.25731856e-01]],

  [[-1.09404363e-02, -1.94019496e-01, -1.48893699e-01],
   [-1.95083067e-01, -9.62151065e-02, -5.59499152e-02],
   [-1.71854451e-01, -1.08664379e-01,  5.60964383e-02]],

  [[ 7.34821111e-02,  1.14288703e-01, -4.65480015e-02],
   [ 2.28705984e-02, -8.67190063e-02,  1.82987526e-01],
   [ 8.56979117e-02,  1.37958080e-01,  1.36375532e-01]],

  [[ 4.78707105e-02, -2.16826081e-01, -2.81480346e-02],
   [-1.93035766e-01,  5.44092283e-02, -7.77228326e-02],
   [-3.45731080e-02, -2.12795645e-01,  1.40990019e-02]]],


 [[[ 1.40531674e-01,  7.12434500e-02, -1.38987496e-01],
   [ 1.77322999e-01, -1.62315860e-01, -1.10471927e-01],
   [ 1.30813047e-01, -1.00388343e-03, -4.37158011e-02]],

  [[-1.75583377e-01,  3.66265029e-02, -9.55208465e-02],
   [-1.64512381e-01, -1.12145897e-02, -1.66193888e-01],
   [ 5.56290075e-02, -1.20434888e-01, -7.60887638e-02]],

  [[-1.45953432e-01, -2.63575073e-02, -2.06367038e-02],
   [ 8.59689862e-02, -4.28833626e-02,  1.31214961e-01],
   [ 1.38744161e-01,  2.88665257e-02, -4.15996313e-02]],

  [[-1.23731427e-01, -1.31427482e-01, -9.54398066e-02],
   [-1.15092486e-01,  5.36652505e-02, -7.05468580e-02],
   [-2.32678652e-02, -1.25260949e-02, -1.83681339e-01]]],


 [[[ 9.16044414e-02, -1.24523669e-01, -1.64893165e-01],
   [-1.57261565e-02, -2.21150637e-01, -3.93010937e-02],
   [-1.16335690e-01, -9.57358927e-02, -1.08325548e-01]],

  [[ 1.17258430e-01,  1.48776829e-01,  1.80055574e-01],
   [ 1.69458576e-02,  1.22268721e-01, -1.36722788e-01],
   [-1.26085907e-01,  9.86316577e-02,  5.38025349e-02]],

  [[ 4.54919860e-02,  6.85188025e-02,  8.36198330e-02],
   [ 7.19655678e-02, -1.01437181e-01, -7.38992542e-02],
   [ 3.13346684e-02,  1.09985314e-01, -2.20246930e-02]],

  [[-8.57036039e-02,  8.15071017e-02,  9.24738795e-02],
   [-3.99351083e-02, -8.01286325e-02, -1.81515127e-01],
   [-1.13718417e-02,  3.16677690e-02, -1.37502849e-01]]],


 [[[-1.33896232e-01, -1.14185333e-01,  1.10963561e-01],
   [ 1.58108070e-01,  2.00775251e-01,  1.19327880e-01],
   [-1.44987376e-02,  1.66120186e-01,  1.57698140e-01]],

  [[-6.01548254e-02, -1.30468324e-01,  1.14242256e-01],
   [-4.37174700e-02,  1.18742809e-02, -1.16980284e-01],
   [-1.03900284e-01, -7.33826756e-02, -1.04787219e-02]],

  [[ 1.59505770e-01,  1.72002807e-01, -6.24457141e-03],
   [ 2.37004727e-01, -9.03262664e-03,  3.20829526e-02],
   [-1.49887139e-02,  9.35739949e-02,  2.17815980e-01]],

  [[-2.27218792e-01, -4.73943353e-02, -2.34781131e-01],
   [-1.38375387e-01, -1.73786715e-01, -9.28074494e-02],
   [-2.02089384e-01, -3.64926830e-02, -2.64389634e-01]]],


 [[[ 7.40129054e-02, -5.12123555e-02, -9.75880697e-02],
   [ 1.52910143e-01,  4.28892709e-02, -1.10857420e-01],
   [-7.60705620e-02, -8.31756815e-02, -1.30889803e-01]],

  [[ 4.60347533e-02,  3.80967781e-02,  1.83565736e-01],
   [ 1.49877258e-02, -8.01415443e-02,  1.56892464e-01],
   [ 6.72682673e-02, -3.88439372e-03,  1.45332605e-01]],

  [[ 1.07739121e-01, -1.68068066e-01, -1.63411528e-01],
   [-1.26801997e-01, -1.77073717e-01, -8.43365341e-02],
   [ 3.40991765e-02, -1.70254573e-01, -1.76996589e-01]],

  [[-1.31956115e-01, -8.09268504e-02,  1.05615601e-01],
   [ 1.68686420e-01,  1.82673231e-01,  2.11396720e-02],
   [-1.28535852e-01,  1.68707445e-01, -1.02889925e-01]]],


 [[[ 7.22323358e-02,  1.23828806e-01,  3.08686346e-02],
   [ 5.75532168e-02, -1.14737280e-01, -7.85174742e-02],
   [-9.40805823e-02,  1.82439670e-01, -1.24065556e-01]],

  [[-3.12844366e-02,  1.00739211e-01,  9.65932384e-02],
   [-1.27624765e-01, -1.67447194e-01,  1.29838258e-01],
   [ 2.32400689e-02, -1.69342205e-01,  1.42693952e-01]],

  [[-1.18540287e-01,  1.49164543e-01,  8.34158584e-02],
   [ 1.50613487e-01, -6.13020686e-03, -6.63625915e-03],
   [-9.94046852e-02,  1.03325501e-01,  8.17755796e-03]],

  [[ 1.49582580e-01, -4.02058922e-02,  2.08061382e-01],
   [ 1.24643497e-01, -1.31270019e-02,  8.59310552e-02],
   [-1.00716271e-01, -8.57865140e-02, -9.40414816e-02]]],


 [[[-5.79953901e-02,  5.84004223e-02, -3.66881527e-02],
   [-6.43720552e-02,  6.14323094e-02,  2.31705774e-02],
   [-5.96839674e-02, -4.06301059e-02, -5.02492450e-02]],

  [[ 6.84826523e-02,  1.08792692e-01,  1.19291492e-01],
   [-1.18199050e-01, -9.83265601e-03,  4.01673019e-02],
   [-9.11289230e-02,  8.17226768e-02, -2.53907796e-02]],

  [[-1.46438954e-02, -1.75563559e-01,  9.91134495e-02],
   [-1.13415964e-01, -1.24273030e-02, -1.48199245e-01],
   [ 1.27818465e-01,  3.01959012e-02,  7.82808438e-02]],

  [[-1.39523312e-01,  9.26007703e-03,  6.84244037e-02],
   [ 9.86373276e-02,  9.85233784e-02, -3.82670350e-02],
   [-9.44612361e-03,  5.27911745e-02, -5.57435639e-02]]],


 [[[-8.63706023e-02, -1.75929517e-01, -1.33939967e-01],
   [-9.30547416e-02, -4.46590707e-02,  5.06393611e-02],
   [-4.69999835e-02, -5.87931983e-02, -7.24842176e-02]],

  [[-1.79694995e-01,  1.29687592e-01, -1.65543064e-01],
   [-1.65458154e-02,  5.09528965e-02,  2.07156017e-02],
   [-9.78816152e-02, -1.72524318e-01,  1.00240521e-01]],

  [[ 2.58457400e-02,  1.85690731e-01,  1.33424491e-01],
   [ 7.40752295e-02,  3.47516127e-02, -4.65664044e-02],
   [-8.17069784e-02,  2.37490162e-02,  1.90517545e-01]],

  [[ 1.12833641e-01,  1.57777235e-01,  1.62217155e-01],
   [ 1.38749614e-01, -7.93136284e-02, -9.32895541e-02],
   [-2.88812048e-03, -6.79793805e-02, -4.47835363e-02]]],


 [[[ 1.50007578e-02,  1.72067076e-01,  1.85524896e-02],
   [ 2.00111985e-01, -1.23257995e-01, -9.99362320e-02],
   [ 3.39498483e-02,  3.77708450e-02, -2.67559588e-02]],

  [[-6.45713508e-02,  8.14860836e-02,  5.23290597e-02],
   [-5.48354257e-03,  1.16863221e-01, -4.18809056e-02],
   [ 1.42144471e-01, -9.30728316e-02, -7.17763454e-02]],

  [[ 3.11843026e-02,  9.87220407e-02, -5.89015486e-04],
   [-1.44960135e-01, -3.94732319e-02, -9.37422439e-02],
   [-5.94498552e-02, -1.03216199e-02,  6.47932589e-02]],

  [[-8.60078856e-02, -1.72541976e-01, -1.39774188e-01],
   [-1.67545006e-01, -2.08540112e-01,  4.49423902e-02],
   [ 9.30379778e-02,  1.14474654e-01,  1.96285453e-02]]],


 [[[-2.39715185e-02, -5.55474013e-02,  1.31100580e-01],
   [-1.21343195e-01,  1.99436978e-01, -9.03029814e-02],
   [-8.96221325e-02, -9.83962715e-02,  1.26230031e-01]],

  [[ 1.41685903e-01,  5.21780066e-02,  2.39429194e-02],
   [ 1.71922803e-01,  1.19609319e-01,  1.35540262e-01],
   [-1.00363635e-01,  4.53687795e-02,  1.60892725e-01]],

  [[-1.26158521e-01,  1.65930629e-01, -1.35185331e-01],
   [-6.00859486e-02, -4.76953350e-02,  2.98846662e-02],
   [ 8.42027739e-03, -1.15468174e-01,  7.41409808e-02]],

  [[ 4.03716266e-02, -3.12639475e-02, -1.67558849e-01],
   [ 1.50225803e-01, -8.81778002e-02, -1.05237454e-01],
   [ 1.66345149e-01, -8.81760120e-02,  1.03724323e-01]]],


 [[[ 1.21721931e-01, -1.29713833e-01, -1.41545296e-01],
   [-7.62669891e-02,  7.44725540e-02,  1.86092690e-01],
   [-4.35334258e-02, -8.55052546e-02, -5.52846566e-02]],

  [[-1.32900357e-01,  1.64371133e-01, -1.26142455e-02],
   [-1.53519377e-01, -1.43378124e-01,  6.96474090e-02],
   [ 7.92467296e-02,  1.10668100e-01, -3.29918936e-02]],

  [[-5.15495539e-02,  5.88549040e-02,  3.62885837e-03],
   [-5.36926724e-02,  1.13700964e-02, -1.11519098e-01],
   [-1.01300955e-01, -3.00564878e-02, -9.83945578e-02]],

  [[ 4.09699650e-03,  1.47557855e-02,  1.56597629e-01],
   [ 5.75260594e-02,  1.15694758e-02, -1.11526109e-01],
   [-7.63516501e-02, -3.36955227e-02, -1.19348913e-01]]]]

PWC1_lambda
shape: (32, 8, 1, 1)
[[[[-5.51770329e-02]],

  [[ 1.90383822e-01]],

  [[ 2.22644731e-01]],

  [[-9.67661571e-03]],

  [[-1.75147399e-01]],

  [[-3.05818528e-01]],

  [[-2.63724089e-01]],

  [[ 3.21455896e-01]]],


 [[[-3.00001323e-01]],

  [[-1.49605796e-01]],

  [[ 1.94866002e-01]],

  [[ 1.94374695e-01]],

  [[-2.96185941e-01]],

  [[ 8.41460228e-02]],

  [[ 3.02752722e-02]],

  [[ 3.12015474e-01]]],


 [[[-4.21448983e-02]],

  [[ 1.65033683e-01]],

  [[-2.48984601e-02]],

  [[ 3.47238630e-01]],

  [[-8.46302882e-02]],

  [[-2.09613636e-01]],

  [[ 6.05496280e-02]],

  [[-2.10725442e-01]]],


 [[[ 9.58326384e-02]],

  [[ 2.69503564e-01]],

  [[-3.23063940e-01]],

  [[-2.93590039e-01]],

  [[ 1.09476447e-01]],

  [[-2.56190598e-02]],

  [[-1.34889469e-01]],

  [[ 3.35533381e-01]]],


 [[[ 1.24512829e-01]],

  [[-1.17874369e-01]],

  [[ 2.63434239e-02]],

  [[-1.40040899e-02]],

  [[-2.39128843e-01]],

  [[ 1.90415919e-01]],

  [[-2.72157818e-01]],

  [[ 4.22927216e-02]]],


 [[[ 2.88797021e-01]],

  [[-3.44393224e-01]],

  [[ 5.44640534e-02]],

  [[ 3.50151926e-01]],

  [[ 2.21308276e-01]],

  [[-1.16537258e-01]],

  [[ 8.67734104e-02]],

  [[-3.93982083e-01]]],


 [[[ 4.76677679e-02]],

  [[ 2.98464388e-01]],

  [[ 3.01582932e-01]],

  [[ 2.91656740e-02]],

  [[ 9.79371369e-02]],

  [[-3.16071138e-02]],

  [[-1.08967789e-01]],

  [[-1.26901027e-02]]],


 [[[-1.03870533e-01]],

  [[ 1.47798479e-01]],

  [[ 1.58844918e-01]],

  [[-1.88501313e-01]],

  [[ 7.62242824e-03]],

  [[-2.66036242e-01]],

  [[ 1.53243661e-01]],

  [[ 1.23896487e-01]]],


 [[[ 3.67412955e-01]],

  [[-3.83544534e-01]],

  [[-2.37584487e-01]],

  [[ 6.92863017e-02]],

  [[ 4.15178597e-01]],

  [[ 2.10067444e-02]],

  [[ 2.59262435e-02]],

  [[ 3.31531391e-02]]],


 [[[-2.54175570e-02]],

  [[ 2.35877067e-01]],

  [[ 3.05473477e-01]],

  [[-2.14577287e-01]],

  [[-1.65569082e-01]],

  [[-2.79797435e-01]],

  [[-3.78370211e-02]],

  [[-2.03791168e-02]]],


 [[[ 3.04223925e-01]],

  [[-3.99632841e-01]],

  [[ 3.05887967e-01]],

  [[-1.55923784e-01]],

  [[ 1.03473835e-01]],

  [[-1.24551971e-02]],

  [[ 1.36340499e-01]],

  [[-2.83115476e-01]]],


 [[[-2.47145191e-01]],

  [[-1.40929827e-04]],

  [[ 2.07125768e-01]],

  [[-1.81257978e-01]],

  [[ 1.54163435e-01]],

  [[-1.37571424e-01]],

  [[-3.68986279e-01]],

  [[ 6.57348484e-02]]],


 [[[-5.44521883e-02]],

  [[ 2.01797396e-01]],

  [[ 2.46714190e-01]],

  [[ 2.51337916e-01]],

  [[ 2.45668471e-01]],

  [[-2.85606891e-01]],

  [[-3.63578200e-01]],

  [[ 1.66243482e-02]]],


 [[[ 1.22659862e-01]],

  [[-3.19549978e-01]],

  [[ 3.43628734e-01]],

  [[ 1.30766304e-02]],

  [[-1.28134638e-01]],

  [[ 2.55821794e-01]],

  [[ 2.54580677e-01]],

  [[ 4.83821519e-02]]],


 [[[-1.01799287e-01]],

  [[ 4.65363488e-02]],

  [[-2.82188505e-01]],

  [[ 2.16878802e-01]],

  [[ 2.72389412e-01]],

  [[-7.51109570e-02]],

  [[-2.68763870e-01]],

  [[ 2.65477598e-01]]],


 [[[-2.84427792e-01]],

  [[-2.11497113e-01]],

  [[ 2.45287582e-01]],

  [[-1.65630698e-01]],

  [[ 1.02867059e-01]],

  [[ 3.12333852e-01]],

  [[-3.90346721e-02]],

  [[-8.53812695e-02]]],


 [[[ 3.04283381e-01]],

  [[ 6.21748082e-02]],

  [[ 1.04917280e-01]],

  [[-1.25588760e-01]],

  [[-3.59757215e-01]],

  [[ 7.52806962e-02]],

  [[-1.82683483e-01]],

  [[-1.70021787e-01]]],


 [[[-3.20960939e-01]],

  [[ 3.40600401e-01]],

  [[-3.05118948e-01]],

  [[ 1.51341826e-01]],

  [[ 2.50204303e-03]],

  [[ 2.57021934e-01]],

  [[ 1.75522357e-01]],

  [[-2.60069102e-01]]],


 [[[ 1.42409071e-01]],

  [[-1.43190950e-01]],

  [[-5.33741638e-02]],

  [[-1.33708224e-01]],

  [[-2.67186373e-01]],

  [[ 1.36946380e-01]],

  [[-2.61041284e-01]],

  [[ 3.74723136e-01]]],


 [[[ 1.69860139e-01]],

  [[-1.19696893e-01]],

  [[-1.79268286e-01]],

  [[-3.75968844e-01]],

  [[-1.28364295e-01]],

  [[-2.42179751e-01]],

  [[ 7.15777501e-02]],

  [[ 9.36646461e-02]]],


 [[[ 3.42073560e-01]],

  [[ 4.95938249e-02]],

  [[-7.34336749e-02]],

  [[-1.62607163e-01]],

  [[ 1.03213685e-02]],

  [[ 2.01280683e-01]],

  [[-3.60081375e-01]],

  [[-3.76304805e-01]]],


 [[[ 2.23501414e-01]],

  [[-9.15146172e-02]],

  [[-8.50176960e-02]],

  [[-2.87514001e-01]],

  [[-1.79651886e-01]],

  [[-3.35904181e-01]],

  [[-1.52695671e-01]],

  [[-3.18688065e-01]]],


 [[[-1.90062195e-01]],

  [[ 2.98411012e-01]],

  [[-2.10082501e-01]],

  [[ 2.96795875e-01]],

  [[-3.46324056e-01]],

  [[ 4.94723208e-02]],

  [[-3.46269868e-02]],

  [[-2.93313265e-01]]],


 [[[-3.13814729e-02]],

  [[ 2.98460364e-01]],

  [[-1.81203201e-01]],

  [[ 3.36883932e-01]],

  [[-1.16536424e-01]],

  [[-9.21678618e-02]],

  [[ 1.29496202e-01]],

  [[ 2.41307795e-01]]],


 [[[ 4.08673495e-01]],

  [[ 2.22124472e-01]],

  [[-3.02880555e-01]],

  [[-1.49437204e-01]],

  [[ 8.20864215e-02]],

  [[-2.05468953e-01]],

  [[ 2.29918435e-01]],

  [[-1.73320517e-01]]],


 [[[-3.17294538e-01]],

  [[-1.24780819e-01]],

  [[-2.62259096e-01]],

  [[ 1.52532279e-01]],

  [[-2.26678774e-01]],

  [[-8.03583786e-02]],

  [[ 9.89140593e-04]],

  [[ 1.69614390e-01]]],


 [[[-2.75036871e-01]],

  [[ 2.61478961e-01]],

  [[-2.14130968e-01]],

  [[-2.68798172e-01]],

  [[ 1.76885575e-01]],

  [[-2.34916866e-01]],

  [[ 2.76509702e-01]],

  [[ 1.83548689e-01]]],


 [[[-1.81809381e-01]],

  [[-4.53864262e-02]],

  [[-1.88129261e-01]],

  [[-1.43982284e-02]],

  [[-4.99192514e-02]],

  [[-8.44218186e-04]],

  [[-2.31761009e-01]],

  [[-3.11341733e-01]]],


 [[[-2.72356719e-01]],

  [[ 8.40603486e-02]],

  [[ 1.63225532e-02]],

  [[-1.48454010e-01]],

  [[-1.19517013e-01]],

  [[-2.25686189e-02]],

  [[ 2.41505250e-01]],

  [[-3.01063329e-01]]],


 [[[-1.66888729e-01]],

  [[-5.39517552e-02]],

  [[-5.31960428e-02]],

  [[-1.62115574e-01]],

  [[ 1.58192262e-01]],

  [[-9.66960639e-02]],

  [[ 2.37140572e-03]],

  [[-2.42049649e-01]]],


 [[[ 3.69887203e-01]],

  [[-2.55526245e-01]],

  [[-1.28356488e-02]],

  [[ 3.17691028e-01]],

  [[ 2.64700532e-01]],

  [[-2.95017272e-01]],

  [[ 1.80429861e-01]],

  [[-2.14046821e-01]]],


 [[[-4.88817543e-02]],

  [[ 1.50774360e-01]],

  [[ 2.27318201e-02]],

  [[ 2.93607652e-01]],

  [[-1.04573689e-01]],

  [[-2.74061888e-01]],

  [[-5.52469445e-03]],

  [[ 1.32462949e-01]]]]

PWC2_lambda
shape: (24, 8, 1, 1)
[[[[ 0.2888973 ]],

  [[-0.14167458]],

  [[-0.03531749]],

  [[-0.20008211]],

  [[-0.2293941 ]],

  [[-0.29322195]],

  [[-0.2670327 ]],

  [[-0.19431576]]],


 [[[ 0.07049613]],

  [[-0.06618007]],

  [[ 0.20645104]],

  [[ 0.2770332 ]],

  [[-0.2947751 ]],

  [[ 0.08794847]],

  [[ 0.2185154 ]],

  [[-0.27186134]]],


 [[[-0.08852133]],

  [[ 0.26540485]],

  [[-0.25127497]],

  [[ 0.32358757]],

  [[ 0.01823694]],

  [[ 0.063784  ]],

  [[ 0.2757438 ]],

  [[-0.32201928]]],


 [[[ 0.34456185]],

  [[-0.3344071 ]],

  [[ 0.17716448]],

  [[-0.02624158]],

  [[ 0.31140113]],

  [[-0.01269192]],

  [[-0.3558194 ]],

  [[ 0.02075858]]],


 [[[ 0.22324662]],

  [[-0.08870423]],

  [[-0.33800557]],

  [[-0.05102506]],

  [[ 0.01318023]],

  [[ 0.10374524]],

  [[ 0.12534803]],

  [[-0.06334142]]],


 [[[-0.04608052]],

  [[-0.08711252]],

  [[ 0.17735693]],

  [[ 0.06490623]],

  [[ 0.09121532]],

  [[ 0.02369223]],

  [[-0.03204856]],

  [[ 0.23345828]]],


 [[[ 0.00451367]],

  [[-0.328092  ]],

  [[ 0.06505571]],

  [[ 0.34722543]],

  [[-0.10541125]],

  [[ 0.238645  ]],

  [[-0.23596248]],

  [[-0.0698189 ]]],


 [[[ 0.26559982]],

  [[-0.19391094]],

  [[-0.10139573]],

  [[-0.00924707]],

  [[-0.03649607]],

  [[-0.07618599]],

  [[ 0.22744682]],

  [[-0.10097405]]],


 [[[-0.1584665 ]],

  [[ 0.2585293 ]],

  [[ 0.09723952]],

  [[-0.13499233]],

  [[ 0.20482624]],

  [[-0.17114043]],

  [[ 0.3702555 ]],

  [[ 0.3553611 ]]],


 [[[ 0.0207348 ]],

  [[ 0.0950909 ]],

  [[-0.07142615]],

  [[-0.29955158]],

  [[-0.24824056]],

  [[ 0.13085838]],

  [[ 0.15205437]],

  [[-0.02941043]]],


 [[[-0.16469471]],

  [[-0.14113347]],

  [[-0.16082472]],

  [[-0.2034905 ]],

  [[ 0.23400202]],

  [[-0.3136778 ]],

  [[ 0.28590006]],

  [[ 0.21195999]]],


 [[[-0.11590368]],

  [[-0.04883972]],

  [[-0.04976378]],

  [[-0.33570072]],

  [[ 0.05923739]],

  [[-0.29930001]],

  [[ 0.04567277]],

  [[-0.08695328]]],


 [[[-0.29781583]],

  [[-0.31459656]],

  [[ 0.3667366 ]],

  [[ 0.24484782]],

  [[ 0.28979644]],

  [[ 0.09365004]],

  [[ 0.16264138]],

  [[ 0.18635494]]],


 [[[ 0.22618304]],

  [[ 0.05104914]],

  [[ 0.05300925]],

  [[ 0.25441802]],

  [[ 0.16513655]],

  [[-0.21306844]],

  [[ 0.24394782]],

  [[ 0.35875016]]],


 [[[-0.12424186]],

  [[-0.3294942 ]],

  [[-0.06173279]],

  [[-0.2426697 ]],

  [[ 0.36816925]],

  [[-0.12228428]],

  [[-0.18891318]],

  [[ 0.225678  ]]],


 [[[ 0.12761058]],

  [[ 0.0773471 ]],

  [[ 0.32696196]],

  [[-0.35597757]],

  [[ 0.15344344]],

  [[-0.14202304]],

  [[ 0.1144743 ]],

  [[-0.17340717]]],


 [[[ 0.35056442]],

  [[-0.06807036]],

  [[ 0.00485126]],

  [[-0.27876085]],

  [[ 0.24046686]],

  [[-0.3363525 ]],

  [[ 0.1814546 ]],

  [[ 0.22274539]]],


 [[[ 0.30374312]],

  [[ 0.20911807]],

  [[-0.16724521]],

  [[ 0.09052391]],

  [[ 0.13256046]],

  [[-0.3446835 ]],

  [[ 0.1550713 ]],

  [[-0.28111842]]],


 [[[ 0.18001184]],

  [[ 0.31210703]],

  [[-0.11367282]],

  [[ 0.05919233]],

  [[ 0.31244892]],

  [[ 0.32136935]],

  [[ 0.28592122]],

  [[-0.29643008]]],


 [[[ 0.08913384]],

  [[-0.29655057]],

  [[ 0.10640958]],

  [[-0.34151748]],

  [[ 0.03378248]],

  [[ 0.20743196]],

  [[-0.32435346]],

  [[-0.0734494 ]]],


 [[[-0.1811191 ]],

  [[ 0.28635156]],

  [[-0.03359192]],

  [[ 0.24344456]],

  [[-0.30422845]],

  [[ 0.07812036]],

  [[ 0.28891334]],

  [[ 0.00706816]]],


 [[[-0.11894003]],

  [[-0.1374922 ]],

  [[ 0.2591138 ]],

  [[ 0.12065855]],

  [[ 0.0361669 ]],

  [[ 0.20798482]],

  [[-0.20095074]],

  [[-0.2528962 ]]],


 [[[-0.07756557]],

  [[ 0.27248323]],

  [[-0.35980737]],

  [[-0.1530008 ]],

  [[ 0.084503  ]],

  [[ 0.10572002]],

  [[ 0.14275801]],

  [[ 0.12499999]]],


 [[[-0.32670638]],

  [[-0.135722  ]],

  [[ 0.19633445]],

  [[ 0.06016374]],

  [[ 0.17054565]],

  [[ 0.27651387]],

  [[ 0.21573418]],

  [[-0.17862047]]]]

