GWC_lambda
shape: (32, 4, 3, 3)
[[[[ 0.10999095  0.10323574  0.09775283]
   [ 0.09421711 -0.06623106 -0.06455635]
   [-0.06398547  0.01252151 -0.17379697]]

  [[ 0.0830325   0.13499558  0.1770329 ]
   [-0.1828314   0.15834178 -0.10041022]
   [-0.02272546  0.16001442  0.13678427]]

  [[-0.06281805  0.07428718 -0.19905706]
   [ 0.15813044  0.15520571 -0.02839513]
   [ 0.0512332  -0.04103841 -0.15779093]]

  [[-0.09803183 -0.03897337 -0.16115497]
   [-0.1105728   0.04042564 -0.0743184 ]
   [-0.12123834  0.01303656 -0.06834681]]]


 [[[ 0.1577926  -0.07026021 -0.07362373]
   [-0.02088686 -0.16210032  0.09848621]
   [ 0.15389548 -0.10400969 -0.08192819]]

  [[ 0.13783972 -0.11444109  0.0211436 ]
   [-0.15674053 -0.13470967 -0.01431421]
   [-0.1033112   0.08236826 -0.03289627]]

  [[ 0.02320609 -0.09229636  0.0995176 ]
   [ 0.183824   -0.02146267 -0.08007665]
   [-0.14757615  0.18529052  0.06372472]]

  [[ 0.0965604   0.05002981  0.11349152]
   [ 0.08697917  0.11291932  0.12452212]
   [ 0.05126144  0.17000553  0.11979469]]]


 [[[-0.0346959  -0.08926192  0.01927141]
   [ 0.11116007  0.08028729 -0.0604799 ]
   [-0.01815508  0.07196753  0.04788172]]

  [[ 0.16616288  0.07555184  0.03544021]
   [ 0.05478347 -0.14368068 -0.0587998 ]
   [-0.00719966 -0.11410553 -0.12099162]]

  [[ 0.10479277  0.0567729  -0.1121018 ]
   [-0.00681356  0.09532321  0.09399958]
   [ 0.15456206 -0.06498837  0.04904728]]

  [[-0.10860179 -0.00165228 -0.08873806]
   [ 0.00139853  0.12375028  0.11797199]
   [-0.0687587  -0.03343762 -0.02939029]]]


 ...


 [[[-0.04852888  0.1476162  -0.01073368]
   [ 0.14365757 -0.15162961 -0.18769856]
   [ 0.04995896  0.05329351 -0.04926839]]

  [[-0.08870587  0.06398299  0.02995186]
   [-0.00143251  0.10984537 -0.04696707]
   [ 0.10688331 -0.13145624 -0.09424996]]

  [[ 0.04163916  0.10249729 -0.00870688]
   [-0.14353338 -0.02084781 -0.0771834 ]
   [-0.05154585 -0.03625174  0.02414873]]

  [[-0.04476308 -0.1213804  -0.08474615]
   [-0.16032542 -0.19125788  0.06869423]
   [ 0.11960281  0.15173027  0.03739104]]]


 [[[-0.06635509 -0.06666979  0.06293712]
   [-0.13101943  0.15363775 -0.11817442]
   [-0.18383448 -0.15732452  0.1141758 ]]

  [[ 0.12340464  0.03490653  0.0084276 ]
   [ 0.1701584   0.09264212  0.13096662]
   [-0.11171598  0.02300932  0.1496486 ]]

  [[-0.13880375  0.146587   -0.12154092]
   [-0.08622488 -0.03837518  0.01465167]
   [ 0.04768881 -0.09400319  0.06817491]]

  [[ 0.05122747 -0.02805279 -0.15084615]
   [ 0.15773393 -0.08450934 -0.10613686]
   [ 0.14863771 -0.09964762  0.08322483]]]


 [[[ 0.11326858 -0.07319113 -0.12878253]
   [-0.08404161  0.06321244  0.13237374]
   [-0.03771187 -0.07524139 -0.06596894]]

  [[-0.09562697  0.168088    0.0161412 ]
   [-0.14615253 -0.13151886  0.10937253]
   [ 0.09698422  0.12471617 -0.00075162]]

  [[-0.04760346  0.03547933 -0.02145403]
   [-0.07848012  0.01681493 -0.10155407]
   [-0.13163829 -0.04515593 -0.11487827]]

  [[ 0.00737583  0.03158979  0.1617086 ]
   [ 0.07255692 -0.00141871 -0.13654432]
   [-0.07513919 -0.05466826 -0.15065457]]]]

PWC1_lambda
shape: (32, 8, 1, 1)
[[[[-5.38043715e-02]]

  [[ 1.81151241e-01]]

  [[ 2.36346066e-01]]

  [[ 2.68423595e-02]]

  [[-1.68924913e-01]]

  [[-2.63892412e-01]]

  [[-2.45221719e-01]]

  [[ 3.13044131e-01]]]


 [[[-3.33598405e-01]]

  [[-1.26298979e-01]]

  [[ 1.87921345e-01]]

  [[ 2.24592477e-01]]

  [[-3.44942689e-01]]

  [[ 1.04744524e-01]]

  [[ 1.29495338e-02]]

  [[ 3.10986608e-01]]]


 [[[-3.62951495e-02]]

  [[ 1.59570515e-01]]

  [[-3.16020586e-02]]

  [[ 3.41495275e-01]]

  [[-7.14953169e-02]]

  [[-1.99071556e-01]]

  [[ 3.91496979e-02]]

  [[-2.00711191e-01]]]


 [[[ 1.18390858e-01]]

  [[ 2.61896670e-01]]

  [[-2.47886106e-01]]

  [[-2.78677881e-01]]

  [[ 4.74028848e-02]]

  [[-5.98307773e-02]]

  [[-1.22441754e-01]]

  [[ 3.26407582e-01]]]


 [[[ 1.14668198e-01]]

  [[-9.08916891e-02]]

  [[ 4.37132344e-02]]

  [[-1.93072166e-02]]

  [[-2.70842075e-01]]

  [[ 1.84096307e-01]]

  [[-2.69608289e-01]]

  [[ 2.87400261e-02]]]


 [[[ 2.96414644e-01]]

  [[-3.55987936e-01]]

  [[ 5.59833422e-02]]

  [[ 3.51340353e-01]]

  [[ 2.03872293e-01]]

  [[-1.44152224e-01]]

  [[ 7.03675747e-02]]

  [[-3.44421595e-01]]]


 [[[ 7.13645816e-02]]

  [[ 2.80156493e-01]]

  [[ 3.39553893e-01]]

  [[ 2.37709507e-02]]

  [[ 1.44853368e-01]]

  [[-4.76099029e-02]]

  [[-8.97315666e-02]]

  [[-1.83246676e-02]]]


 [[[-2.43244946e-01]]

  [[ 1.77365661e-01]]

  [[ 1.28285185e-01]]

  [[-1.20404340e-01]]

  [[-1.07613020e-01]]

  [[-2.24042118e-01]]

  [[ 1.10799205e-02]]

  [[ 1.60597578e-01]]]


 [[[ 3.88452262e-01]]

  [[-3.58791202e-01]]

  [[-2.58934736e-01]]

  [[ 6.47201715e-03]]

  [[ 3.68222684e-01]]

  [[-1.91281047e-02]]

  [[ 1.07990555e-01]]

  [[ 3.18560489e-02]]]


 [[[-5.49384281e-02]]

  [[ 2.79168159e-01]]

  [[ 2.36748368e-01]]

  [[-2.46363118e-01]]

  [[-2.37685516e-01]]

  [[-2.62498528e-01]]

  [[-1.12758897e-01]]

  [[-3.73164527e-02]]]


 [[[ 3.31294209e-01]]

  [[-3.63672674e-01]]

  [[ 2.72059232e-01]]

  [[-1.79764003e-01]]

  [[ 7.59216025e-02]]

  [[-4.69521023e-02]]

  [[ 1.94302365e-01]]

  [[-3.10702652e-01]]]


 [[[-2.13756680e-01]]

  [[-9.35007539e-03]]

  [[ 1.96496710e-01]]

  [[-1.69540554e-01]]

  [[ 1.42815739e-01]]

  [[-1.20157085e-01]]

  [[-3.47696006e-01]]

  [[ 4.76989448e-02]]]


 [[[-6.72275200e-02]]

  [[ 1.80161312e-01]]

  [[ 2.61959970e-01]]

  [[ 2.61004806e-01]]

  [[ 2.42776588e-01]]

  [[-2.50273198e-01]]

  [[-3.71671289e-01]]

  [[ 2.41289474e-02]]]


 [[[ 1.37125388e-01]]

  [[-2.94807106e-01]]

  [[ 3.30003202e-01]]

  [[-2.07082536e-02]]

  [[-1.79551378e-01]]

  [[ 2.11118966e-01]]

  [[ 2.90047258e-01]]

  [[ 3.09673660e-02]]]


 [[[-1.53075784e-01]]

  [[ 7.20147118e-02]]

  [[-3.02019924e-01]]

  [[ 2.34628648e-01]]

  [[ 2.10951507e-01]]

  [[-1.43271778e-02]]

  [[-3.08438271e-01]]

  [[ 2.86897272e-01]]]


 [[[-2.68258721e-01]]

  [[-2.04232603e-01]]

  [[ 2.32215330e-01]]

  [[-1.60467520e-01]]

  [[ 9.64153633e-02]]

  [[ 3.15945804e-01]]

  [[ 7.64686847e-03]]

  [[-7.01078027e-02]]]


 [[[ 3.11472237e-01]]

  [[ 8.63777325e-02]]

  [[ 8.85232314e-02]]

  [[-8.51543546e-02]]

  [[-3.34417015e-01]]

  [[ 5.26323393e-02]]

  [[-1.93762004e-01]]

  [[-2.06274033e-01]]]


 [[[-3.29168826e-01]]

  [[ 3.34687769e-01]]

  [[-2.71987975e-01]]

  [[ 1.33786783e-01]]

  [[ 3.23324725e-02]]

  [[ 2.81971395e-01]]

  [[ 1.70723781e-01]]

  [[-2.65670866e-01]]]


 [[[ 1.20570242e-01]]

  [[-1.22504868e-01]]

  [[-4.59557846e-02]]

  [[-1.41791061e-01]]

  [[-3.47963005e-01]]

  [[ 1.25330985e-01]]

  [[-2.64204115e-01]]

  [[ 3.52515876e-01]]]


 [[[ 1.79142356e-01]]

  [[-1.31056860e-01]]

  [[-1.80934310e-01]]

  [[-3.60715866e-01]]

  [[-1.37328818e-01]]

  [[-2.49049261e-01]]

  [[ 8.80410001e-02]]

  [[ 9.96983126e-02]]]


 [[[ 2.75203943e-01]]

  [[ 7.20388144e-02]]

  [[-9.43998247e-02]]

  [[-1.34852409e-01]]

  [[-8.84016380e-02]]

  [[ 2.10668623e-01]]

  [[-3.63203973e-01]]

  [[-3.34583879e-01]]]


 [[[ 1.29890069e-01]]

  [[-9.29889828e-02]]

  [[-1.20996200e-01]]

  [[-2.52432615e-01]]

  [[-2.47984931e-01]]

  [[-2.45109215e-01]]

  [[-2.28504106e-01]]

  [[-3.38052809e-01]]]


 [[[-1.81874022e-01]]

  [[ 3.06795955e-01]]

  [[-2.18727872e-01]]

  [[ 3.05415750e-01]]

  [[-3.24813813e-01]]

  [[ 3.87286693e-02]]

  [[-1.91541370e-02]]

  [[-2.87792146e-01]]]


 [[[-2.87936013e-02]]

  [[ 3.00026625e-01]]

  [[-1.77070677e-01]]

  [[ 3.48245621e-01]]

  [[-7.72548020e-02]]

  [[-7.62568265e-02]]

  [[ 1.50367707e-01]]

  [[ 2.56393373e-01]]]


 [[[ 3.27952474e-01]]

  [[ 2.18707353e-01]]

  [[-3.20767373e-01]]

  [[-1.00556843e-01]]

  [[ 5.62228598e-02]]

  [[-1.85417786e-01]]

  [[ 1.85417131e-01]]

  [[-5.30741215e-02]]]


 [[[-3.32518697e-01]]

  [[-1.17241420e-01]]

  [[-2.56050467e-01]]

  [[ 1.64125338e-01]]

  [[-2.82317668e-01]]

  [[-7.70262554e-02]]

  [[-6.66594831e-04]]

  [[ 1.54553697e-01]]]


 [[[-2.49887228e-01]]

  [[ 2.73877054e-01]]

  [[-2.20295429e-01]]

  [[-3.09492797e-01]]

  [[ 1.77367032e-01]]

  [[-2.45213792e-01]]

  [[ 2.50622034e-01]]

  [[ 1.74067333e-01]]]


 [[[-1.95147812e-01]]

  [[-6.34243637e-02]]

  [[-1.48182780e-01]]

  [[-1.06774806e-03]]

  [[-2.73045413e-02]]

  [[ 8.99239909e-03]]

  [[-2.61642158e-01]]

  [[-3.09545845e-01]]]


 [[[-2.06368744e-01]]

  [[ 6.79638162e-02]]

  [[ 3.13063487e-02]]

  [[-2.08482310e-01]]

  [[-5.79307377e-02]]

  [[-3.78734693e-02]]

  [[ 2.79226363e-01]]

  [[-2.84800768e-01]]]


 [[[-1.78612038e-01]]

  [[-2.46954951e-02]]

  [[-8.09424445e-02]]

  [[-2.05162764e-01]]

  [[ 1.50676206e-01]]

  [[-1.06679454e-01]]

  [[ 2.19278149e-02]]

  [[-2.25688443e-01]]]


 [[[ 3.72868121e-01]]

  [[-2.33903527e-01]]

  [[-4.35787961e-02]]

  [[ 3.14800888e-01]]

  [[ 2.20488787e-01]]

  [[-3.21049184e-01]]

  [[ 1.93001837e-01]]

  [[-2.10898772e-01]]]


 [[[-1.76008958e-02]]

  [[ 1.35859519e-01]]

  [[ 4.37596515e-02]]

  [[ 2.90491998e-01]]

  [[-1.18158214e-01]]

  [[-2.62069732e-01]]

  [[-3.59305617e-04]]

  [[ 1.18001409e-01]]]]

PWC2_lambda
shape: (24, 8, 1, 1)
[[[[ 0.3137689 ]]

  [[-0.18741444]]

  [[-0.00740241]]

  [[-0.23427801]]

  [[-0.2625703 ]]

  [[-0.24440886]]

  [[-0.29453772]]

  [[-0.24625278]]]


 [[[ 0.1282547 ]]

  [[-0.05931769]]

  [[ 0.19696136]]

  [[ 0.29796955]]

  [[-0.30124798]]

  [[ 0.06647567]]

  [[ 0.22804992]]

  [[-0.31233564]]]


 [[[-0.06972376]]

  [[ 0.26737052]]

  [[-0.2940081 ]]

  [[ 0.3535291 ]]

  [[ 0.03497154]]

  [[ 0.02974594]]

  [[ 0.31654122]]

  [[-0.3042246 ]]]


 [[[ 0.32633165]]

  [[-0.31141222]]

  [[ 0.21015348]]

  [[-0.0394589 ]]

  [[ 0.29598716]]

  [[ 0.01511533]]

  [[-0.37477148]]

  [[ 0.06625938]]]


 [[[ 0.2561143 ]]

  [[-0.06822667]]

  [[-0.3575777 ]]

  [[-0.01705527]]

  [[ 0.00165062]]

  [[ 0.08564445]]

  [[ 0.15715274]]

  [[-0.07085611]]]


 [[[-0.04992145]]

  [[-0.08296368]]

  [[ 0.1791077 ]]

  [[ 0.06246646]]

  [[ 0.10899313]]

  [[-0.01744904]]

  [[-0.0734982 ]]

  [[ 0.29084635]]]


 [[[ 0.01847877]]

  [[-0.31438112]]

  [[ 0.09824163]]

  [[ 0.33950987]]

  [[-0.09824302]]

  [[ 0.23716514]]

  [[-0.27497277]]

  [[-0.0892946 ]]]


 [[[ 0.2656127 ]]

  [[-0.17892197]]

  [[-0.12013151]]

  [[ 0.01433037]]

  [[-0.07249392]]

  [[-0.09327627]]

  [[ 0.27238393]]

  [[-0.10888511]]]


 [[[-0.12291905]]

  [[ 0.2688368 ]]

  [[ 0.11919937]]

  [[-0.18578385]]

  [[ 0.18198419]]

  [[-0.13073014]]

  [[ 0.35151577]]

  [[ 0.34265187]]]


 [[[ 0.00642436]]

  [[ 0.12719163]]

  [[-0.14820756]]

  [[-0.27526417]]

  [[-0.28741413]]

  [[ 0.14748761]]

  [[ 0.2043006 ]]

  [[-0.02056174]]]


 [[[-0.11807352]]

  [[-0.11067305]]

  [[-0.17569987]]

  [[-0.20074397]]

  [[ 0.26890212]]

  [[-0.28718945]]

  [[ 0.25038663]]

  [[ 0.23875968]]]


 [[[-0.09171699]]

  [[-0.04471223]]

  [[-0.08787761]]

  [[-0.29664803]]

  [[ 0.04535168]]

  [[-0.28269938]]

  [[ 0.03380568]]

  [[-0.07848337]]]


 [[[-0.29227892]]

  [[-0.34415984]]

  [[ 0.3148202 ]]

  [[ 0.30772865]]

  [[ 0.30046532]]

  [[ 0.1120462 ]]

  [[ 0.18733743]]

  [[ 0.20435776]]]


 [[[ 0.25224483]]

  [[ 0.06058884]]

  [[ 0.02367607]]

  [[ 0.28017232]]

  [[ 0.18388301]]

  [[-0.22047336]]

  [[ 0.25056356]]

  [[ 0.38083684]]]


 [[[-0.13452458]]

  [[-0.36846858]]

  [[-0.05793686]]

  [[-0.2603476 ]]

  [[ 0.31124818]]

  [[-0.02544946]]

  [[-0.176028  ]]

  [[ 0.16750598]]]


 [[[ 0.15433075]]

  [[ 0.0997707 ]]

  [[ 0.35368735]]

  [[-0.38989756]]

  [[ 0.15959942]]

  [[-0.11274862]]

  [[ 0.06088383]]

  [[-0.16076176]]]


 [[[ 0.3067512 ]]

  [[-0.04239831]]

  [[ 0.00237076]]

  [[-0.24800216]]

  [[ 0.20837285]]

  [[-0.3469072 ]]

  [[ 0.19644244]]

  [[ 0.2716319 ]]]


 [[[ 0.3105046 ]]

  [[ 0.1887876 ]]

  [[-0.14861144]]

  [[ 0.10188913]]

  [[ 0.04878532]]

  [[-0.3244645 ]]

  [[ 0.21216935]]

  [[-0.33144486]]]


 [[[ 0.14197618]]

  [[ 0.34601352]]

  [[-0.1330878 ]]

  [[ 0.03176874]]

  [[ 0.28271237]]

  [[ 0.3187655 ]]

  [[ 0.30006558]]

  [[-0.28036883]]]


 [[[ 0.09138061]]

  [[-0.29356265]]

  [[ 0.1117957 ]]

  [[-0.36902413]]

  [[ 0.03924663]]

  [[ 0.21602021]]

  [[-0.36105508]]

  [[-0.09624376]]]


 [[[-0.13681708]]

  [[ 0.27368948]]

  [[-0.0585295 ]]

  [[ 0.23945105]]

  [[-0.2768773 ]]

  [[ 0.05809268]]

  [[ 0.27791008]]

  [[-0.00910863]]]


 [[[-0.11929991]]

  [[-0.16555034]]

  [[ 0.22449377]]

  [[ 0.14620996]]

  [[-0.00597022]]

  [[ 0.240579  ]]

  [[-0.16697232]]

  [[-0.29365283]]]


 [[[-0.07240176]]

  [[ 0.2828241 ]]

  [[-0.3740639 ]]

  [[-0.14174105]]

  [[ 0.07868487]]

  [[ 0.11617274]]

  [[ 0.18074358]]

  [[ 0.13759425]]]


 [[[-0.285915  ]]

  [[-0.12319919]]

  [[ 0.19244507]]

  [[ 0.06855704]]

  [[ 0.16470689]]

  [[ 0.27486616]]

  [[ 0.22559975]]

  [[-0.18880606]]]]

