GWC_lambda
shape: (32, 4, 3, 3)
[[[[ 0.10933997,  0.13826677,  0.09220304],
   [ 0.09343006, -0.08190241, -0.07752697],
   [-0.08104774,  0.0025086 , -0.15634546]],

  [[ 0.06754736,  0.11600847,  0.17255032],
   [-0.1716596 ,  0.18681587, -0.08425495],
   [ 0.01111789,  0.18283762,  0.13012563]],

  [[-0.04888917,  0.10923612, -0.1865932 ],
   [ 0.15324509,  0.10803661, -0.06129702],
   [ 0.02785927, -0.05930451, -0.14802417]],

  [[-0.09393791, -0.04801536, -0.12237398],
   [-0.15164885,  0.02943103, -0.0682511 ],
   [-0.13922644,  0.02173686, -0.05942189]]],


 [[[ 0.15331191, -0.06524742, -0.09148756],
   [-0.03221463, -0.15451582,  0.09900275],
   [ 0.13423772, -0.10654684, -0.06915878]],

  [[ 0.13083886, -0.14074878,  0.01193924],
   [-0.1547774 , -0.14966916, -0.0322988 ],
   [-0.08884992,  0.08731709, -0.05148426]],

  [[ 0.02596256, -0.07940319,  0.10150173],
   [ 0.18796717, -0.00177143, -0.06096795],
   [-0.17499799,  0.1705504 ,  0.08999413]],

  [[ 0.07252346,  0.04323252,  0.10277808],
   [ 0.07430502,  0.11304668,  0.12002442],
   [ 0.03209996,  0.16308817,  0.11517385]]],


 [[[-0.02421245, -0.09907068, -0.00094442],
   [ 0.10207833,  0.06600587, -0.08533254],
   [-0.03061348,  0.05364697,  0.03150086]],

  [[ 0.14839953,  0.06853314,  0.03756701],
   [ 0.06629741, -0.13661624, -0.05182422],
   [ 0.03358441, -0.08901908, -0.11392526]],

  [[ 0.14095138,  0.07316385, -0.12144232],
   [-0.00316492,  0.09480226,  0.09183881],
   [ 0.11714327, -0.09683985,  0.03756063]],

  [[-0.10299545,  0.01302395, -0.07403968],
   [ 0.00520368,  0.12890826,  0.12139844],
   [-0.06952702, -0.02259541, -0.0236178 ]]],


 [[[-0.06856809, -0.10034629,  0.12718092],
   [ 0.13639283,  0.16451907, -0.11747666],
   [ 0.15447502, -0.05804149, -0.04505142]],

  [[-0.04895283,  0.00935741, -0.06917465],
   [-0.00375402, -0.10159802,  0.11870091],
   [-0.16331953, -0.06069859, -0.13177371]],

  [[ 0.1344004 ,  0.10449111, -0.1313522 ],
   [-0.05245199,  0.18725924,  0.00624193],
   [ 0.14520939, -0.12830418,  0.09723834]],

  [[ 0.08318425, -0.07484192, -0.01846765],
   [ 0.11094546,  0.0232877 ,  0.06917551],
   [-0.01170944, -0.07116402, -0.10968542]]],


 [[[ 0.15590036, -0.0377685 ,  0.15387501],
   [ 0.16118212, -0.11368456,  0.02189682],
   [-0.05832722, -0.02065936,  0.10994984]],

  [[ 0.08354744, -0.08525236, -0.11128185],
   [-0.11997467, -0.11686749,  0.08440946],
   [-0.09859491, -0.00312383, -0.00034634]],

  [[ 0.05667895, -0.02712766,  0.1205865 ],
   [ 0.04443384,  0.11963908,  0.06254569],
   [-0.01286324,  0.04291363,  0.13249114]],

  [[ 0.04229974,  0.14598714,  0.01105341],
   [ 0.01283043,  0.16884424, -0.13010886],
   [ 0.03936079,  0.17655505, -0.0669186 ]]],


 [[[-0.0518359 , -0.03777768,  0.0341788 ],
   [ 0.07485216,  0.08340489,  0.06179484],
   [-0.0974438 ,  0.07225969, -0.06790221]],

  [[ 0.11929707, -0.03951095, -0.13807882],
   [ 0.00388354,  0.05652262, -0.00702726],
   [ 0.02192769,  0.01451817,  0.10654828]],

  [[ 0.00617331, -0.14690907, -0.12658335],
   [ 0.02088854,  0.03480147,  0.1972974 ],
   [-0.06026965,  0.11783851, -0.14669274]],

  [[-0.1525327 , -0.02139167, -0.12032028],
   [-0.0299371 ,  0.05009609, -0.11314878],
   [ 0.11127077, -0.11905798,  0.13701834]]],


 [[[ 0.07197414, -0.04817243, -0.14938734],
   [ 0.0185966 , -0.09219345,  0.14525321],
   [-0.14585161, -0.0392235 , -0.09671046]],

  [[-0.12758322, -0.08735262, -0.03572629],
   [ 0.00115229,  0.00499966,  0.06436185],
   [-0.06380931, -0.113364  , -0.03540076]],

  [[ 0.18576373, -0.01799777, -0.13077638],
   [ 0.15078549,  0.07842806,  0.06193273],
   [ 0.03448187,  0.13707177, -0.05579807]],

  [[ 0.12462293,  0.16571724, -0.04892287],
   [ 0.11203771,  0.10935201,  0.15848903],
   [-0.03192176, -0.07467473, -0.04953128]]],


 [[[-0.10750461,  0.0129971 ,  0.17941184],
   [ 0.1869713 ,  0.10867757,  0.03463655],
   [ 0.02414635,  0.13135836,  0.11556946]],

  [[-0.03772859, -0.06494104,  0.04159357],
   [-0.01688042, -0.10722134, -0.09565298],
   [ 0.11980933,  0.12338984, -0.07569528]],

  [[-0.01299177, -0.06383675, -0.03010133],
   [ 0.17031346, -0.14376669,  0.0988769 ],
   [-0.13647625, -0.05703437, -0.01276443]],

  [[-0.02069713, -0.05436085, -0.08423589],
   [-0.09683809, -0.11227488, -0.13516866],
   [-0.10632032,  0.14963326, -0.08741887]]],


 [[[-0.12082435,  0.13305274,  0.0855542 ],
   [ 0.12478632, -0.12218348, -0.17312573],
   [-0.11597923, -0.09301341,  0.02024098]],

  [[ 0.05313278,  0.07835696, -0.16891937],
   [ 0.05973996, -0.12110993,  0.07717514],
   [ 0.05187428,  0.0578612 ,  0.05071848]],

  [[ 0.01724026,  0.14503807,  0.07308574],
   [ 0.14366633,  0.07143407, -0.09768255],
   [ 0.11955545, -0.01825202,  0.17742242]],

  [[-0.00682868,  0.1384472 , -0.11757024],
   [ 0.04282069, -0.13775964,  0.13445807],
   [ 0.00356494,  0.0649597 , -0.15426055]]],


 [[[-0.15802029,  0.10562926, -0.09371509],
   [ 0.06364524, -0.10510239, -0.04408026],
   [ 0.01754012,  0.09881631,  0.08429889]],

  [[-0.03534335, -0.07152282,  0.01465342],
   [ 0.0804519 , -0.12874311, -0.06486849],
   [-0.1756907 ,  0.02128161, -0.03201753]],

  [[ 0.11101675,  0.16378109, -0.15764643],
   [-0.06092045, -0.02430836,  0.01292646],
   [-0.00904047, -0.0900474 , -0.07334866]],

  [[-0.02972737,  0.12087817, -0.05221628],
   [ 0.07442134, -0.1650704 ,  0.00137371],
   [-0.16510402, -0.16437978,  0.02429704]]],


 [[[-0.06266023,  0.1294899 ,  0.13891451],
   [-0.18552746,  0.02239855, -0.03846959],
   [-0.11445308, -0.11408172, -0.04768089]],

  [[ 0.05740106,  0.01975457,  0.0930029 ],
   [-0.01902688,  0.06146095,  0.02559838],
   [-0.02784527, -0.01866724, -0.17252982]],

  [[ 0.01478478, -0.0252001 , -0.04498322],
   [-0.07909774, -0.0059074 , -0.11994824],
   [ 0.01569605, -0.00172034, -0.01840337]],

  [[ 0.16150369,  0.11877757,  0.02768322],
   [-0.04620318,  0.03610397, -0.1052546 ],
   [ 0.12696773,  0.14497888, -0.02890803]]],


 [[[ 0.1434702 ,  0.17223069, -0.01301331],
   [-0.0622082 ,  0.02145793,  0.03522758],
   [-0.14402458, -0.00395103, -0.05490608]],

  [[ 0.08608487, -0.02657987,  0.09149912],
   [ 0.11614364, -0.0784677 ,  0.01034121],
   [-0.03766265, -0.09551808, -0.11015148]],

  [[ 0.02240566,  0.07206595, -0.014751  ],
   [ 0.05085903,  0.13388167,  0.09762035],
   [ 0.09775285,  0.07799692, -0.10611057]],

  [[-0.12808298, -0.15185751,  0.08786988],
   [-0.16822322, -0.14358139,  0.11575132],
   [ 0.09775461, -0.14783502,  0.0987393 ]]],


 [[[-0.0270244 ,  0.03142044, -0.1036791 ],
   [-0.03993211,  0.05437708,  0.11988966],
   [ 0.0877491 , -0.10775939, -0.10766042]],

  [[-0.03248885,  0.02633449,  0.07322677],
   [-0.19436511, -0.04494599, -0.02961352],
   [-0.06058414,  0.14240326, -0.05205322]],

  [[-0.134375  , -0.07557098,  0.01724209],
   [-0.07980584,  0.07927583,  0.21195395],
   [ 0.01363753, -0.04529694,  0.17377172]],

  [[ 0.1320522 ,  0.1265223 ,  0.0098951 ],
   [ 0.03882554, -0.09001458,  0.04879221],
   [ 0.17220438,  0.03074903, -0.12385533]]],


 [[[ 0.10286095,  0.174066  ,  0.16073568],
   [ 0.00796132,  0.04013862,  0.0374353 ],
   [-0.05722132, -0.03338236,  0.12512018]],

  [[-0.00460713,  0.12305801, -0.12940308],
   [-0.05038669, -0.02420247, -0.13970481],
   [ 0.15174098,  0.13232319, -0.08626641]],

  [[ 0.16446985,  0.18528876, -0.07569971],
   [ 0.03916252,  0.20690273, -0.05722959],
   [-0.01880606, -0.11259791,  0.12424751]],

  [[ 0.02320653,  0.07375858,  0.10576481],
   [ 0.02408271, -0.12334806,  0.04570057],
   [ 0.01462724,  0.09712528,  0.10860299]]],


 [[[-0.06508453, -0.06605323,  0.10675091],
   [ 0.04989173,  0.03597511,  0.08833655],
   [ 0.08605993, -0.14929874, -0.00033241]],

  [[ 0.00236016, -0.15030661,  0.02979485],
   [-0.00930556,  0.14518271, -0.16309929],
   [ 0.1572157 , -0.05090546,  0.11355569]],

  [[ 0.13737234, -0.02336088, -0.07284485],
   [-0.01303426, -0.12875466,  0.02290832],
   [ 0.09289144, -0.00804039, -0.12387989]],

  [[ 0.06518136,  0.14459805, -0.05016606],
   [ 0.06394837, -0.023734  ,  0.06989712],
   [-0.13388455, -0.1417983 , -0.03351578]]],


 [[[-0.16335718,  0.09149814,  0.1900975 ],
   [-0.02379459,  0.01698112,  0.04438771],
   [-0.06814791,  0.01741218,  0.04473882]],

  [[ 0.16487637, -0.16646506, -0.03668915],
   [-0.16425237, -0.0438688 , -0.01732722],
   [-0.07550193,  0.11038242,  0.15333992]],

  [[-0.08218963,  0.01206051, -0.00535991],
   [ 0.02719967,  0.09403232,  0.18192752],
   [-0.14561401,  0.08313631, -0.12395655]],

  [[-0.12237009,  0.10294441, -0.07967512],
   [-0.06480529,  0.033111  , -0.03014597],
   [-0.1800032 , -0.12740847, -0.07173573]]],


 [[[-0.04400864, -0.13692896, -0.18709625],
   [ 0.06394984, -0.17739794, -0.04959129],
   [ 0.10168689, -0.07907759, -0.12647383]],

  [[ 0.04936153,  0.15052733, -0.02302564],
   [-0.02192307,  0.07391971,  0.02588532],
   [ 0.03242975,  0.07789128,  0.07160805]],

  [[-0.1411029 , -0.08762552,  0.12241676],
   [-0.00320321,  0.0221212 ,  0.15561281],
   [ 0.12789764,  0.10448421,  0.18556969]],

  [[-0.16634524,  0.00202455,  0.02691363],
   [-0.04672098, -0.10268332,  0.01137231],
   [-0.15305635, -0.08590406,  0.11601365]]],


 [[[-0.07821547, -0.03198197,  0.0697801 ],
   [-0.00233286, -0.01714936, -0.18039039],
   [ 0.07701457, -0.17281812,  0.00833669]],

  [[-0.1547822 , -0.13807032,  0.15690766],
   [-0.11835343,  0.03030699,  0.00700939],
   [ 0.16606021,  0.07347628,  0.10025287]],

  [[-0.06498966, -0.08231439,  0.11985812],
   [ 0.04365155,  0.00933886, -0.11767016],
   [-0.15029614,  0.0238676 , -0.09000406]],

  [[ 0.12683752,  0.1422798 , -0.08454362],
   [-0.09064738,  0.14767851, -0.0984683 ],
   [-0.14728662, -0.13541837,  0.03183769]]],


 [[[ 0.03039891,  0.0827539 ,  0.12642688],
   [ 0.04017854, -0.01551951,  0.15281291],
   [-0.10187648, -0.05240262,  0.16563617]],

  [[-0.07843254,  0.10779899,  0.0256568 ],
   [ 0.06244474, -0.0118716 , -0.17103802],
   [ 0.13727511,  0.1496749 , -0.15853158]],

  [[-0.06649023, -0.00087239,  0.11998976],
   [-0.03850653, -0.06633767,  0.17528681],
   [-0.09180394,  0.16593881,  0.01839942]],

  [[ 0.10421083,  0.036904  ,  0.01317333],
   [ 0.12186552, -0.02015176,  0.11204792],
   [ 0.05363203, -0.09861191,  0.11340476]]],


 [[[-0.14370412,  0.08305945, -0.01718143],
   [ 0.02626866,  0.00167882,  0.03903152],
   [-0.0173304 ,  0.10779038,  0.07917807]],

  [[-0.15300953,  0.15894638, -0.16444558],
   [-0.0319489 ,  0.05633217,  0.17511652],
   [ 0.01981001, -0.1376182 ,  0.01570136]],

  [[-0.13328929,  0.11630519,  0.04376734],
   [ 0.06841864, -0.06528533,  0.08209354],
   [ 0.21707249, -0.07624566,  0.03773055]],

  [[-0.06724595, -0.06137551,  0.17039195],
   [-0.17114833, -0.02807498,  0.07802771],
   [ 0.10099492, -0.03943961, -0.07281947]]],


 [[[ 0.04242055, -0.13645571,  0.02424281],
   [-0.12736258, -0.06248468,  0.12059598],
   [-0.14593807, -0.09632672, -0.13336302]],

  [[ 0.11201355,  0.15051681, -0.09258913],
   [ 0.12110327,  0.12894931, -0.11522711],
   [ 0.04053738,  0.07153828, -0.02900046]],

  [[ 0.09940036, -0.03039351, -0.03495678],
   [ 0.06683876, -0.18194571, -0.18837108],
   [ 0.0121605 ,  0.0003713 ,  0.00859579]],

  [[-0.08389516,  0.14299732, -0.09899718],
   [-0.08839291, -0.16120079, -0.18661751],
   [ 0.04886396, -0.0554818 ,  0.11133388]]],


 [[[ 0.16090581,  0.06491942,  0.1380079 ],
   [-0.14016113,  0.04306962,  0.06115345],
   [-0.045592  , -0.01118711, -0.09122389]],

  [[ 0.00429249, -0.17130552, -0.11158088],
   [-0.11530899,  0.01438018,  0.05052948],
   [-0.1612509 , -0.07434691,  0.08971005]],

  [[ 0.01665863,  0.02227289, -0.08063254],
   [-0.05978977, -0.1639473 ,  0.15287414],
   [ 0.05034279,  0.09494653,  0.09997109]],

  [[ 0.16741177, -0.08904226,  0.06124532],
   [-0.16283505,  0.0405959 , -0.10271778],
   [ 0.08097821, -0.10375781,  0.10477183]]],


 [[[ 0.1315379 ,  0.09804249, -0.15369199],
   [ 0.08418487, -0.14682439, -0.1795293 ],
   [ 0.10510932,  0.0284686 , -0.04803832]],

  [[-0.13129093,  0.07473373, -0.03632883],
   [-0.12633933,  0.00552593, -0.1227595 ],
   [ 0.0872242 , -0.09530499, -0.05279207]],

  [[-0.19184108, -0.06125447, -0.06382108],
   [ 0.05632311, -0.07532834,  0.10317968],
   [ 0.12588422,  0.05398289, -0.02815092]],

  [[-0.13424107, -0.13548407, -0.08266278],
   [-0.10777643,  0.06745626, -0.0700268 ],
   [-0.00437034, -0.00340021, -0.12739983]]],


 [[[ 0.16969806, -0.06103469, -0.16465864],
   [-0.024125  , -0.1857605 ,  0.0365171 ],
   [-0.11900011, -0.05708193, -0.05913795]],

  [[ 0.10306107,  0.12624837,  0.17658663],
   [ 0.03656997,  0.13726564, -0.15293774],
   [-0.12136925,  0.11436456,  0.07208182]],

  [[ 0.06792483,  0.06941911,  0.11888669],
   [ 0.0773261 , -0.07547481, -0.01445711],
   [ 0.00146676,  0.14346571,  0.02441467]],

  [[-0.04694486,  0.10091277,  0.10879686],
   [-0.01057836, -0.06402671, -0.17168033],
   [ 0.0065727 ,  0.04680346, -0.12544669]]],


 [[[-0.14872588, -0.18596286,  0.09417166],
   [ 0.1660869 ,  0.18346779,  0.15617111],
   [-0.02183282,  0.07880979,  0.10396279]],

  [[-0.01370423, -0.06246764,  0.17788374],
   [-0.02646154,  0.03817126, -0.09695283],
   [-0.05539918, -0.0096412 ,  0.02683107]],

  [[ 0.0851525 ,  0.10362199, -0.03772629],
   [ 0.19089621, -0.07881264, -0.00946916],
   [-0.10587291,  0.01686289,  0.14032546]],

  [[-0.15913975,  0.01528996, -0.17910384],
   [-0.01446312, -0.05038959,  0.03205213],
   [-0.11036311,  0.04306661, -0.16287132]]],


 [[[ 0.01751849, -0.05339787, -0.10540967],
   [ 0.1520805 , -0.0134422 , -0.14407527],
   [-0.10356342, -0.08681621, -0.13001856]],

  [[ 0.03684961, -0.01269108,  0.14968371],
   [-0.01727332, -0.07483789,  0.1623672 ],
   [ 0.02720462, -0.04448684,  0.13564056]],

  [[ 0.15101737, -0.15092218, -0.15848991],
   [-0.11287405, -0.16599292, -0.06565423],
   [ 0.05820656, -0.16597414, -0.166253  ]],

  [[-0.15249187, -0.08548432,  0.10501783],
   [ 0.141626  ,  0.1655848 , -0.01527044],
   [-0.14496136,  0.15706138, -0.12281799]]],


 [[[ 0.07170434,  0.08670907,  0.05011066],
   [ 0.07604121, -0.13107328, -0.03036714],
   [-0.10599496,  0.12534301, -0.11868402]],

  [[ 0.02777068,  0.19033237,  0.17149459],
   [-0.1260171 , -0.16147585,  0.11590178],
   [ 0.06151978, -0.10927191,  0.18246078]],

  [[-0.10181066,  0.17608693,  0.10997646],
   [ 0.15470697, -0.02074932, -0.02098949],
   [-0.11166844,  0.10171141, -0.00990637]],

  [[ 0.11291648, -0.08583676,  0.15217027],
   [ 0.12188818, -0.02931054,  0.07016299],
   [-0.12458271, -0.11247005, -0.12797579]]],


 [[[-0.09077351,  0.05266982, -0.06281354],
   [-0.09238632,  0.08350013,  0.01220392],
   [-0.10056141, -0.08251857, -0.07293411]],

  [[ 0.11139438,  0.16617392,  0.16409655],
   [-0.10602432,  0.00206578,  0.07314967],
   [-0.09289671,  0.10385542, -0.01916069]],

  [[-0.02981827, -0.18380123,  0.08200922],
   [-0.1553809 , -0.05151374, -0.18390295],
   [ 0.09927171, -0.02416771,  0.04068644]],

  [[-0.15070802, -0.01465308,  0.04703172],
   [ 0.10783891,  0.10311416, -0.05781107],
   [-0.01605863,  0.03548886, -0.07714352]]],


 [[[-0.06325278, -0.15460122, -0.15141448],
   [-0.05920885,  0.03505231,  0.04390159],
   [ 0.03170201,  0.04496121, -0.00623273]],

  [[-0.19230498,  0.1186038 , -0.15922183],
   [-0.03063414,  0.03618278,  0.00311939],
   [-0.07563654, -0.15136492,  0.11206546]],

  [[ 0.0299272 ,  0.17378561,  0.10211648],
   [ 0.1029802 ,  0.06429888,  0.00359892],
   [-0.07748682,  0.04960375,  0.19091842]],

  [[ 0.10458355,  0.15638661,  0.1646262 ],
   [ 0.14839934, -0.07561938, -0.07231015],
   [-0.01165367, -0.08534536, -0.04102523]]],


 [[[-0.04200557,  0.16993591, -0.00225071],
   [ 0.14057413, -0.16710696, -0.18431072],
   [ 0.03989782,  0.0472297 , -0.04988237]],

  [[-0.10992672,  0.03657327, -0.00244584],
   [ 0.00805836,  0.11964908, -0.04685355],
   [ 0.11059801, -0.14129652, -0.10592992]],

  [[ 0.0456845 ,  0.11743694,  0.03689767],
   [-0.12344455,  0.00311587, -0.05247463],
   [-0.02043552, -0.00657635,  0.06036986]],

  [[-0.01211615, -0.09463456, -0.06832555],
   [-0.15823828, -0.19369048,  0.0674055 ],
   [ 0.1160404 ,  0.15093935,  0.03846905]]],


 [[[-0.07646793, -0.10195684,  0.0666466 ],
   [-0.11784132,  0.14167915, -0.10789767],
   [-0.18277185, -0.14553688,  0.12900902]],

  [[ 0.12604384,  0.04544646,  0.00336084],
   [ 0.15051146,  0.08593376,  0.11198993],
   [-0.11814334,  0.01964352,  0.14322251]],

  [[-0.13796535,  0.1488058 , -0.10944419],
   [-0.0815733 , -0.03980403,  0.00794589],
   [ 0.04066127, -0.11694077,  0.04767766]],

  [[ 0.04490522, -0.01679889, -0.16398793],
   [ 0.16440003, -0.07213042, -0.08973686],
   [ 0.16669725, -0.08828261,  0.10314903]]],


 [[[ 0.12894644, -0.10827244, -0.15915532],
   [-0.08214145,  0.07439996,  0.12221521],
   [-0.02765572, -0.07986925, -0.06859044]],

  [[-0.10754375,  0.16809702,  0.02086856],
   [-0.15369768, -0.14611688,  0.12466954],
   [ 0.08939182,  0.12493456, -0.00998983]],

  [[-0.01076037,  0.04165779, -0.02541754],
   [-0.0626107 ,  0.01253836, -0.08790187],
   [-0.13429709, -0.04657885, -0.10240078]],

  [[-0.00145316,  0.02245233,  0.1563161 ],
   [ 0.0647774 ,  0.00616307, -0.14520998],
   [-0.06600386, -0.04612132, -0.13952176]]]]

PWC1_lambda
shape: (32, 8, 1, 1)
[[[[-0.06943268]],

  [[ 0.20970711]],

  [[ 0.1894249 ]],

  [[ 0.01586936]],

  [[-0.21840556]],

  [[-0.22932957]],

  [[-0.26518965]],

  [[ 0.3005908 ]]],


 [[[-0.32586798]],

  [[-0.14132799]],

  [[ 0.2067474 ]],

  [[ 0.22451884]],

  [[-0.33729154]],

  [[ 0.09775367]],

  [[ 0.00501277]],

  [[ 0.31723252]]],


 [[[-0.05090607]],

  [[ 0.1674958 ]],

  [[-0.03234086]],

  [[ 0.34786674]],

  [[-0.07842265]],

  [[-0.18898349]],

  [[ 0.02724339]],

  [[-0.20418014]]],


 [[[ 0.11436512]],

  [[ 0.24244073]],

  [[-0.22933085]],

  [[-0.2744837 ]],

  [[ 0.04978276]],

  [[-0.0641103 ]],

  [[-0.1188067 ]],

  [[ 0.31895033]]],


 [[[ 0.12991628]],

  [[-0.09306963]],

  [[ 0.05257705]],

  [[-0.02266133]],

  [[-0.25100833]],

  [[ 0.1681953 ]],

  [[-0.26337633]],

  [[ 0.04210655]]],


 [[[ 0.28379595]],

  [[-0.3513067 ]],

  [[ 0.0633969 ]],

  [[ 0.3546914 ]],

  [[ 0.20664307]],

  [[-0.15747258]],

  [[ 0.08642755]],

  [[-0.34353563]]],


 [[[ 0.05643972]],

  [[ 0.28190583]],

  [[ 0.34287134]],

  [[ 0.01262117]],

  [[ 0.11226682]],

  [[-0.05393916]],

  [[-0.1328406 ]],

  [[-0.00758453]]],


 [[[-0.21790771]],

  [[ 0.14537461]],

  [[ 0.16990869]],

  [[-0.10696745]],

  [[-0.09780356]],

  [[-0.23072511]],

  [[ 0.03734854]],

  [[ 0.14491975]]],


 [[[ 0.37633505]],

  [[-0.3557049 ]],

  [[-0.2599578 ]],

  [[-0.00519133]],

  [[ 0.36326683]],

  [[-0.02029144]],

  [[ 0.1068868 ]],

  [[ 0.04515411]]],


 [[[-0.04941266]],

  [[ 0.25833857]],

  [[ 0.256037  ]],

  [[-0.23304908]],

  [[-0.23813954]],

  [[-0.27667734]],

  [[-0.08435953]],

  [[-0.00556215]]],


 [[[ 0.32777974]],

  [[-0.36495182]],

  [[ 0.27978382]],

  [[-0.17953545]],

  [[ 0.06464306]],

  [[-0.04608784]],

  [[ 0.18682587]],

  [[-0.30596223]]],


 [[[-0.23039839]],

  [[-0.01878297]],

  [[ 0.20702049]],

  [[-0.18842125]],

  [[ 0.10115177]],

  [[-0.10476629]],

  [[-0.32921422]],

  [[ 0.03726197]]],


 [[[-0.05717537]],

  [[ 0.17670575]],

  [[ 0.27315742]],

  [[ 0.26850763]],

  [[ 0.22970544]],

  [[-0.2734476 ]],

  [[-0.3731661 ]],

  [[ 0.02004601]]],


 [[[ 0.10986358]],

  [[-0.29588643]],

  [[ 0.3286122 ]],

  [[ 0.0043716 ]],

  [[-0.19575796]],

  [[ 0.24058437]],

  [[ 0.27927092]],

  [[ 0.03915666]]],


 [[[-0.11359941]],

  [[ 0.05534003]],

  [[-0.28320745]],

  [[ 0.20246233]],

  [[ 0.21223556]],

  [[-0.07667511]],

  [[-0.2797905 ]],

  [[ 0.27724493]]],


 [[[-0.27084422]],

  [[-0.21165347]],

  [[ 0.2463937 ]],

  [[-0.18490528]],

  [[ 0.05908635]],

  [[ 0.3118443 ]],

  [[ 0.00968178]],

  [[-0.09512883]]],


 [[[ 0.30308414]],

  [[ 0.0722624 ]],

  [[ 0.11620853]],

  [[-0.08504715]],

  [[-0.33682516]],

  [[ 0.05174477]],

  [[-0.22183692]],

  [[-0.20589522]]],


 [[[-0.33161795]],

  [[ 0.34674302]],

  [[-0.27766898]],

  [[ 0.13868302]],

  [[ 0.03081869]],

  [[ 0.2790627 ]],

  [[ 0.15947372]],

  [[-0.25843164]]],


 [[[ 0.13394953]],

  [[-0.15255259]],

  [[-0.02762663]],

  [[-0.1305212 ]],

  [[-0.33911502]],

  [[ 0.13089615]],

  [[-0.2269156 ]],

  [[ 0.33151755]]],


 [[[ 0.1865466 ]],

  [[-0.15401843]],

  [[-0.15871753]],

  [[-0.35931537]],

  [[-0.15428676]],

  [[-0.23606677]],

  [[ 0.0982734 ]],

  [[ 0.08715063]]],


 [[[ 0.27663714]],

  [[ 0.06812484]],

  [[-0.08759551]],

  [[-0.13092838]],

  [[-0.08157282]],

  [[ 0.20860706]],

  [[-0.36951616]],

  [[-0.34258762]]],


 [[[ 0.09776095]],

  [[-0.08238374]],

  [[-0.13392955]],

  [[-0.2280029 ]],

  [[-0.27762234]],

  [[-0.2281942 ]],

  [[-0.23086521]],

  [[-0.34295517]]],


 [[[-0.21308999]],

  [[ 0.31983832]],

  [[-0.23016825]],

  [[ 0.30225468]],

  [[-0.3365348 ]],

  [[ 0.06678893]],

  [[-0.06697594]],

  [[-0.28394386]]],


 [[[-0.03402026]],

  [[ 0.3354393 ]],

  [[-0.2148341 ]],

  [[ 0.3280347 ]],

  [[-0.07709254]],

  [[-0.07973322]],

  [[ 0.15861753]],

  [[ 0.26003847]]],


 [[[ 0.31915322]],

  [[ 0.22846588]],

  [[-0.32937783]],

  [[-0.10628845]],

  [[ 0.05821886]],

  [[-0.18219554]],

  [[ 0.16962911]],

  [[-0.04990065]]],


 [[[-0.32169887]],

  [[-0.1292927 ]],

  [[-0.23705077]],

  [[ 0.14861521]],

  [[-0.28742987]],

  [[-0.07505525]],

  [[ 0.01278763]],

  [[ 0.15251769]]],


 [[[-0.27363038]],

  [[ 0.27452126]],

  [[-0.23102157]],

  [[-0.30757815]],

  [[ 0.16770819]],

  [[-0.22960988]],

  [[ 0.26592985]],

  [[ 0.16930602]]],


 [[[-0.2040678 ]],

  [[-0.05339541]],

  [[-0.15610397]],

  [[ 0.01135358]],

  [[-0.03284239]],

  [[ 0.01122366]],

  [[-0.277767  ]],

  [[-0.31194267]]],


 [[[-0.19856161]],

  [[ 0.05195061]],

  [[ 0.04648929]],

  [[-0.2014957 ]],

  [[-0.04168754]],

  [[-0.03830357]],

  [[ 0.2791233 ]],

  [[-0.298123  ]]],


 [[[-0.19027266]],

  [[-0.01812188]],

  [[-0.08524375]],

  [[-0.17970154]],

  [[ 0.13613491]],

  [[-0.09706467]],

  [[ 0.04580779]],

  [[-0.22823814]]],


 [[[ 0.36521018]],

  [[-0.2345868 ]],

  [[-0.0394166 ]],

  [[ 0.3128526 ]],

  [[ 0.2087839 ]],

  [[-0.32975653]],

  [[ 0.19189647]],

  [[-0.19878322]]],


 [[[-0.02360189]],

  [[ 0.13966613]],

  [[ 0.05072293]],

  [[ 0.29996938]],

  [[-0.10863428]],

  [[-0.27782536]],

  [[-0.00463948]],

  [[ 0.12724751]]]]

PWC2_lambda
shape: (24, 8, 1, 1)
[[[[ 0.30113187]],

  [[-0.16911376]],

  [[-0.03638963]],

  [[-0.22120048]],

  [[-0.2977615 ]],

  [[-0.23405603]],

  [[-0.2654684 ]],

  [[-0.25844783]]],


 [[[ 0.09956393]],

  [[-0.05119003]],

  [[ 0.20233987]],

  [[ 0.29141572]],

  [[-0.2778691 ]],

  [[ 0.04490431]],

  [[ 0.22752962]],

  [[-0.26805058]]],


 [[[-0.09055972]],

  [[ 0.26180607]],

  [[-0.3020966 ]],

  [[ 0.35994294]],

  [[ 0.00359774]],

  [[ 0.05021353]],

  [[ 0.32224056]],

  [[-0.3113998 ]]],


 [[[ 0.31028134]],

  [[-0.3151859 ]],

  [[ 0.20576306]],

  [[-0.03804736]],

  [[ 0.30776966]],

  [[-0.0030134 ]],

  [[-0.3525305 ]],

  [[ 0.08754316]]],


 [[[ 0.24723062]],

  [[-0.06374787]],

  [[-0.35190552]],

  [[-0.0283783 ]],

  [[ 0.03318157]],

  [[ 0.07243756]],

  [[ 0.14084533]],

  [[-0.03473251]]],


 [[[-0.04927618]],

  [[-0.07709756]],

  [[ 0.17861292]],

  [[ 0.05573121]],

  [[ 0.11894061]],

  [[ 0.0108259 ]],

  [[-0.06075682]],

  [[ 0.3000567 ]]],


 [[[ 0.02657463]],

  [[-0.33102468]],

  [[ 0.082014  ]],

  [[ 0.34749302]],

  [[-0.07204413]],

  [[ 0.2040095 ]],

  [[-0.22270235]],

  [[-0.04803488]]],


 [[[ 0.25281957]],

  [[-0.1739695 ]],

  [[-0.10317102]],

  [[ 0.00999883]],

  [[-0.04683097]],

  [[-0.09998368]],

  [[ 0.25927898]],

  [[-0.07634629]]],


 [[[-0.11538795]],

  [[ 0.2597528 ]],

  [[ 0.1192003 ]],

  [[-0.19728072]],

  [[ 0.22368093]],

  [[-0.15313719]],

  [[ 0.35244176]],

  [[ 0.33825782]]],


 [[[ 0.04651543]],

  [[ 0.11545982]],

  [[-0.12263106]],

  [[-0.2907119 ]],

  [[-0.25935698]],

  [[ 0.11461758]],

  [[ 0.18533073]],

  [[-0.02061152]]],


 [[[-0.1308185 ]],

  [[-0.11997165]],

  [[-0.16702738]],

  [[-0.19111586]],

  [[ 0.23446748]],

  [[-0.29045022]],

  [[ 0.26991653]],

  [[ 0.23311605]]],


 [[[-0.07671597]],

  [[-0.05502826]],

  [[-0.08353473]],

  [[-0.30586892]],

  [[ 0.06221937]],

  [[-0.2750631 ]],

  [[ 0.02207483]],

  [[-0.1228015 ]]],


 [[[-0.2994996 ]],

  [[-0.34181184]],

  [[ 0.31283575]],

  [[ 0.30808347]],

  [[ 0.29907495]],

  [[ 0.11784333]],

  [[ 0.18759727]],

  [[ 0.21274278]]],


 [[[ 0.25492066]],

  [[ 0.05088191]],

  [[ 0.03850846]],

  [[ 0.27613422]],

  [[ 0.17162597]],

  [[-0.23918271]],

  [[ 0.2622381 ]],

  [[ 0.37202963]]],


 [[[-0.13993733]],

  [[-0.33341753]],

  [[-0.03052493]],

  [[-0.26905644]],

  [[ 0.3306049 ]],

  [[-0.09795515]],

  [[-0.16412437]],

  [[ 0.23753592]]],


 [[[ 0.15994543]],

  [[ 0.11789637]],

  [[ 0.366593  ]],

  [[-0.39341825]],

  [[ 0.15960881]],

  [[-0.10780931]],

  [[ 0.06819018]],

  [[-0.1746801 ]]],


 [[[ 0.2986727 ]],

  [[-0.04448194]],

  [[ 0.0167288 ]],

  [[-0.25965017]],

  [[ 0.1855769 ]],

  [[-0.36453858]],

  [[ 0.21395522]],

  [[ 0.2662797 ]]],


 [[[ 0.29717633]],

  [[ 0.19233741]],

  [[-0.15237778]],

  [[ 0.10733122]],

  [[ 0.05036762]],

  [[-0.30361047]],

  [[ 0.21873628]],

  [[-0.32191053]]],


 [[[ 0.12600836]],

  [[ 0.32892555]],

  [[-0.11251799]],

  [[ 0.02810428]],

  [[ 0.28525344]],

  [[ 0.32093528]],

  [[ 0.29328614]],

  [[-0.27712947]]],


 [[[ 0.09167007]],

  [[-0.27709097]],

  [[ 0.12044528]],

  [[-0.36992303]],

  [[ 0.04130827]],

  [[ 0.2146082 ]],

  [[-0.36835587]],

  [[-0.08579715]]],


 [[[-0.15498303]],

  [[ 0.268161  ]],

  [[-0.05933539]],

  [[ 0.24916798]],

  [[-0.28212842]],

  [[ 0.06487348]],

  [[ 0.2828349 ]],

  [[ 0.00161527]]],


 [[[-0.1068717 ]],

  [[-0.16875663]],

  [[ 0.21259543]],

  [[ 0.15825017]],

  [[-0.01668664]],

  [[ 0.2470023 ]],

  [[-0.18299562]],

  [[-0.30593827]]],


 [[[-0.09814443]],

  [[ 0.2688262 ]],

  [[-0.37670112]],

  [[-0.13659124]],

  [[ 0.05057032]],

  [[ 0.14633404]],

  [[ 0.21126236]],

  [[ 0.09491575]]],


 [[[-0.3014537 ]],

  [[-0.12469074]],

  [[ 0.17789353]],

  [[ 0.06217925]],

  [[ 0.16019423]],

  [[ 0.28979954]],

  [[ 0.22095577]],

  [[-0.18419214]]]]

