GWC_lambda
shape: (32, 4, 3, 3)
[[[[ 0.13212433  0.15785573  0.1055211 ]
   [ 0.06673166 -0.05668378 -0.06829371]
   [-0.07166811  0.03077485 -0.1455464 ]]

  [[ 0.06296001  0.11806954  0.17117408]
   [-0.15778321  0.16224867 -0.07935935]
   [ 0.00466288  0.17656264  0.11372973]]

  [[-0.02752469  0.13162234 -0.17565374]
   [ 0.1546441   0.14962634 -0.03418008]
   [ 0.05120299 -0.03610266 -0.1243825 ]]

  [[-0.06060541 -0.01873829 -0.11880597]
   [-0.13822909  0.00682367 -0.0792591 ]
   [-0.11301947  0.00683958 -0.06150926]]]


 [[[ 0.14880516 -0.06037704 -0.08915903]
   [-0.04101154 -0.14488311  0.07161842]
   [ 0.15705389 -0.08695238 -0.06663337]]

  [[ 0.15614948 -0.12158545  0.04792721]
   [-0.14393237 -0.15446149  0.00306403]
   [-0.0974344   0.08870253 -0.05285558]]

  [[-0.01148912 -0.09208902  0.0515225 ]
   [ 0.16427286 -0.02516706 -0.1298337 ]
   [-0.15135084  0.17611772  0.07170815]]

  [[ 0.07384513  0.02627247  0.0791491 ]
   [ 0.05780178  0.08453059  0.11139859]
   [ 0.01676583  0.14028884  0.11058719]]]


 [[[ 0.02072899 -0.10283224 -0.01900697]
   [ 0.1659683   0.06944922 -0.06815211]
   [-0.03749337  0.04488497  0.08701093]]

  [[ 0.16201471  0.09673711  0.05669701]
   [ 0.05956705 -0.12163278 -0.05966486]
   [ 0.04490463 -0.09999868 -0.15750311]]

  [[ 0.15146954  0.04857507 -0.14773451]
   [ 0.03482855  0.07280736  0.11364085]
   [ 0.13693932 -0.0672904   0.11562056]]

  [[-0.15136077  0.00352847 -0.0776297 ]
   [-0.05975525  0.12715316  0.07875364]
   [-0.08900247 -0.01697617 -0.03637005]]]


 ...


 [[[-0.09115595  0.11257555 -0.0464978 ]
   [ 0.20521964 -0.22337806 -0.21600066]
   [ 0.0261842   0.03561419 -0.07730978]]

  [[-0.06878028  0.08582064  0.09143667]
   [-0.02592973  0.13367824 -0.0594828 ]
   [ 0.14064592 -0.14200915 -0.05391287]]

  [[ 0.05265718  0.08258046 -0.02434559]
   [-0.1329938   0.0057649  -0.0696988 ]
   [-0.07662567 -0.04383567  0.03210339]]

  [[-0.06967666 -0.13797592 -0.10897806]
   [-0.14291133 -0.2675097   0.06635189]
   [ 0.08294811  0.10114974 -0.0204617 ]]]


 [[[-0.03306811 -0.05470748  0.1124977 ]
   [-0.08326589  0.18040504 -0.09316598]
   [-0.10869281 -0.09424172  0.15056466]]

  [[ 0.13141084  0.03167008  0.02185221]
   [ 0.16311605  0.10127246  0.1307209 ]
   [-0.10031716  0.04205028  0.1561684 ]]

  [[-0.11649742  0.16727273 -0.12677683]
   [-0.06053723 -0.02675742  0.04337268]
   [ 0.04056769 -0.10007126  0.06890476]]

  [[ 0.04430565 -0.02486168 -0.16171744]
   [ 0.16076115 -0.08236534 -0.11056944]
   [ 0.1775136  -0.0923965   0.08274371]]]


 [[[ 0.13840124 -0.05660148 -0.13576803]
   [-0.04161499  0.05942532  0.14888388]
   [-0.0028316  -0.08533429 -0.05879819]]

  [[-0.1509436   0.12967123 -0.0112719 ]
   [-0.14949432 -0.10258105  0.10812607]
   [ 0.05580408  0.093003   -0.02205188]]

  [[-0.02473748  0.03729472 -0.01627045]
   [-0.06733318  0.01113693 -0.10467135]
   [-0.12116437 -0.03589226 -0.10914914]]

  [[ 0.03534773  0.06614219  0.17560977]
   [ 0.05108539 -0.00731909 -0.13175122]
   [-0.045175   -0.02937048 -0.11150243]]]]

PWC1_lambda
shape: (32, 8, 1, 1)
[[[[-0.044181  ]]

  [[ 0.18520473]]

  [[ 0.2314007 ]]

  [[-0.00683899]]

  [[-0.17337224]]

  [[-0.3110488 ]]

  [[-0.27557722]]

  [[ 0.30984008]]]


 [[[-0.31624925]]

  [[-0.14604963]]

  [[ 0.1843689 ]]

  [[ 0.19615194]]

  [[-0.36890563]]

  [[ 0.08436871]]

  [[ 0.03348906]]

  [[ 0.287192  ]]]


 [[[-0.0481003 ]]

  [[ 0.1836131 ]]

  [[-0.05510695]]

  [[ 0.3469702 ]]

  [[-0.0668649 ]]

  [[-0.22111776]]

  [[ 0.06043731]]

  [[-0.19857053]]]


 [[[ 0.09798903]]

  [[ 0.25709665]]

  [[-0.29166487]]

  [[-0.28445166]]

  [[ 0.08037791]]

  [[-0.03876775]]

  [[-0.15811257]]

  [[ 0.33939108]]]


 [[[ 0.13808997]]

  [[-0.12483105]]

  [[ 0.03106652]]

  [[-0.03854873]]

  [[-0.37211984]]

  [[ 0.20829143]]

  [[-0.24329676]]

  [[ 0.00937538]]]


 [[[ 0.28350443]]

  [[-0.34404778]]

  [[ 0.04443074]]

  [[ 0.33834997]]

  [[ 0.20047663]]

  [[-0.12308509]]

  [[ 0.06902321]]

  [[-0.36555904]]]


 [[[ 0.05675945]]

  [[ 0.28813538]]

  [[ 0.3146185 ]]

  [[ 0.01601371]]

  [[ 0.13334362]]

  [[-0.0561709 ]]

  [[-0.10116367]]

  [[-0.01333087]]]


 [[[-0.25596324]]

  [[ 0.15516374]]

  [[ 0.12189836]]

  [[-0.09474713]]

  [[-0.13899858]]

  [[-0.15103947]]

  [[ 0.005628  ]]

  [[ 0.15747495]]]


 [[[ 0.35823214]]

  [[-0.3494533 ]]

  [[-0.2599191 ]]

  [[ 0.04296786]]

  [[ 0.38434133]]

  [[ 0.02374706]]

  [[ 0.0548894 ]]

  [[ 0.05802624]]]


 [[[-0.04839198]]

  [[ 0.25559476]]

  [[ 0.31443518]]

  [[-0.21421961]]

  [[-0.20893161]]

  [[-0.2734354 ]]

  [[-0.08992445]]

  [[-0.04177407]]]


 [[[ 0.3191233 ]]

  [[-0.3720337 ]]

  [[ 0.29331437]]

  [[-0.15661016]]

  [[ 0.08344622]]

  [[-0.00208305]]

  [[ 0.19676982]]

  [[-0.3056425 ]]]


 [[[-0.2382967 ]]

  [[ 0.02090427]]

  [[ 0.19328058]]

  [[-0.19378848]]

  [[ 0.16493344]]

  [[-0.12769647]]

  [[-0.3587494 ]]

  [[ 0.09064259]]]


 [[[-0.05886304]]

  [[ 0.17150992]]

  [[ 0.2784952 ]]

  [[ 0.23789814]]

  [[ 0.2356235 ]]

  [[-0.26469958]]

  [[-0.3565913 ]]

  [[ 0.03728888]]]


 [[[ 0.13306895]]

  [[-0.40005857]]

  [[ 0.38487658]]

  [[-0.01637112]]

  [[-0.1864619 ]]

  [[ 0.32120082]]

  [[ 0.28737876]]

  [[ 0.05074961]]]


 [[[-0.09885383]]

  [[ 0.01313383]]

  [[-0.25990447]]

  [[ 0.25623703]]

  [[ 0.25577033]]

  [[-0.02912252]]

  [[-0.314074  ]]

  [[ 0.2687275 ]]]


 [[[-0.28670868]]

  [[-0.20851968]]

  [[ 0.23019603]]

  [[-0.19037059]]

  [[ 0.05528265]]

  [[ 0.33162946]]

  [[-0.04320383]]

  [[-0.09778909]]]


 [[[ 0.30786976]]

  [[ 0.04449898]]

  [[ 0.14429162]]

  [[-0.13315624]]

  [[-0.4045579 ]]

  [[ 0.09882879]]

  [[-0.21312119]]

  [[-0.17243452]]]


 [[[-0.31046578]]

  [[ 0.32041633]]

  [[-0.2665349 ]]

  [[ 0.12799802]]

  [[-0.00106496]]

  [[ 0.2558305 ]]

  [[ 0.19797945]]

  [[-0.24409783]]]


 [[[ 0.14104351]]

  [[-0.18008532]]

  [[-0.01535852]]

  [[-0.11572751]]

  [[-0.26839676]]

  [[ 0.13700375]]

  [[-0.25301576]]

  [[ 0.36511734]]]


 [[[ 0.18119413]]

  [[-0.12563485]]

  [[-0.1840326 ]]

  [[-0.36735654]]

  [[-0.1077898 ]]

  [[-0.26432508]]

  [[ 0.05874829]]

  [[ 0.12370947]]]


 [[[ 0.29683727]]

  [[ 0.04747486]]

  [[-0.07135344]]

  [[-0.14400695]]

  [[-0.13795911]]

  [[ 0.20801257]]

  [[-0.35865894]]

  [[-0.38916495]]]


 [[[ 0.17264317]]

  [[-0.08208252]]

  [[-0.10246658]]

  [[-0.2497094 ]]

  [[-0.19377063]]

  [[-0.35913065]]

  [[-0.16514607]]

  [[-0.31200266]]]


 [[[-0.18847847]]

  [[ 0.30611688]]

  [[-0.21179582]]

  [[ 0.2881134 ]]

  [[-0.32736742]]

  [[ 0.00992091]]

  [[-0.04332316]]

  [[-0.29204223]]]


 [[[-0.03095851]]

  [[ 0.30470318]]

  [[-0.17295979]]

  [[ 0.35253567]]

  [[-0.13866346]]

  [[-0.07737535]]

  [[ 0.14411195]]

  [[ 0.23366086]]]


 [[[ 0.35761678]]

  [[ 0.21911785]]

  [[-0.3109793 ]]

  [[-0.11416476]]

  [[ 0.07303397]]

  [[-0.25425565]]

  [[ 0.21283394]]

  [[-0.08569358]]]


 [[[-0.30302176]]

  [[-0.14611176]]

  [[-0.24683912]]

  [[ 0.1467398 ]]

  [[-0.26409397]]

  [[-0.08674877]]

  [[ 0.03488874]]

  [[ 0.1513523 ]]]


 [[[-0.27445868]]

  [[ 0.27321342]]

  [[-0.24336416]]

  [[-0.27853253]]

  [[ 0.16135402]]

  [[-0.2454311 ]]

  [[ 0.2566132 ]]

  [[ 0.16475628]]]


 [[[-0.19901206]]

  [[-0.04760154]]

  [[-0.1708181 ]]

  [[ 0.0036936 ]]

  [[-0.02053648]]

  [[-0.00097616]]

  [[-0.25652942]]

  [[-0.28979778]]]


 [[[-0.22607163]]

  [[ 0.08291296]]

  [[ 0.02871717]]

  [[-0.16971697]]

  [[-0.06153538]]

  [[-0.07481581]]

  [[ 0.28325957]]

  [[-0.32773545]]]


 [[[-0.18182205]]

  [[-0.04565681]]

  [[-0.03568795]]

  [[-0.17118831]]

  [[ 0.07635307]]

  [[-0.08182909]]

  [[ 0.04852607]]

  [[-0.30165136]]]


 [[[ 0.38354373]]

  [[-0.23657994]]

  [[-0.03685886]]

  [[ 0.30448017]]

  [[ 0.24731697]]

  [[-0.31183478]]

  [[ 0.20443705]]

  [[-0.20812678]]]


 [[[-0.04220024]]

  [[ 0.1288083 ]]

  [[ 0.04438969]]

  [[ 0.29287603]]

  [[-0.12169176]]

  [[-0.23246928]]

  [[-0.00583076]]

  [[ 0.11324391]]]]

PWC2_lambda
shape: (24, 8, 1, 1)
[[[[ 3.08613718e-01]]

  [[-1.80389762e-01]]

  [[-4.41903286e-02]]

  [[-1.99636787e-01]]

  [[-2.02330887e-01]]

  [[-2.73323029e-01]]

  [[-2.81119555e-01]]

  [[-2.00591013e-01]]]


 [[[ 1.16954118e-01]]

  [[-6.66071624e-02]]

  [[ 2.16577694e-01]]

  [[ 2.81740785e-01]]

  [[-2.85327315e-01]]

  [[ 9.11294371e-02]]

  [[ 1.97402358e-01]]

  [[-3.41671616e-01]]]


 [[[-9.84770358e-02]]

  [[ 2.58663476e-01]]

  [[-2.83788085e-01]]

  [[ 3.43450516e-01]]

  [[ 2.14584768e-04]]

  [[ 9.49780121e-02]]

  [[ 2.99137920e-01]]

  [[-3.33453029e-01]]]


 [[[ 3.34899217e-01]]

  [[-3.49657208e-01]]

  [[ 2.02511564e-01]]

  [[-5.72781414e-02]]

  [[ 2.94797540e-01]]

  [[-2.29499419e-03]]

  [[-3.44978154e-01]]

  [[ 4.61708605e-02]]]


 [[[ 2.49492109e-01]]

  [[-7.99174234e-02]]

  [[-3.43464375e-01]]

  [[-4.00517695e-02]]

  [[ 3.02025815e-03]]

  [[ 1.51867300e-01]]

  [[ 9.46220458e-02]]

  [[-1.10322565e-01]]]


 [[[-4.46857028e-02]]

  [[-1.08730279e-01]]

  [[ 1.70302197e-01]]

  [[ 8.05382133e-02]]

  [[ 1.55199945e-01]]

  [[ 1.10004609e-02]]

  [[-1.67035684e-02]]

  [[ 2.57399231e-01]]]


 [[[ 1.81187931e-02]]

  [[-3.23115051e-01]]

  [[ 6.32971004e-02]]

  [[ 3.46708477e-01]]

  [[-9.19433162e-02]]

  [[ 2.34829202e-01]]

  [[-2.38616839e-01]]

  [[-5.08099459e-02]]]


 [[[ 2.53109425e-01]]

  [[-1.95400685e-01]]

  [[-1.19508348e-01]]

  [[-1.47689218e-02]]

  [[-6.69048056e-02]]

  [[-7.72265792e-02]]

  [[ 2.44975477e-01]]

  [[-1.35288298e-01]]]


 [[[-1.34302661e-01]]

  [[ 2.33452663e-01]]

  [[ 1.05565347e-01]]

  [[-1.52162746e-01]]

  [[ 2.00010076e-01]]

  [[-1.55933544e-01]]

  [[ 3.70012820e-01]]

  [[ 3.34917903e-01]]]


 [[[ 2.45884005e-02]]

  [[ 1.26610994e-01]]

  [[-7.27960318e-02]]

  [[-2.96307415e-01]]

  [[-3.08157980e-01]]

  [[ 1.56940371e-01]]

  [[ 1.51864022e-01]]

  [[-7.07389936e-02]]]


 [[[-1.50068760e-01]]

  [[-1.21413410e-01]]

  [[-1.52333498e-01]]

  [[-2.18515351e-01]]

  [[ 2.51111746e-01]]

  [[-2.96489179e-01]]

  [[ 2.48710766e-01]]

  [[ 2.20812783e-01]]]


 [[[-6.23452328e-02]]

  [[-5.64458370e-02]]

  [[-7.84689113e-02]]

  [[-3.25329751e-01]]

  [[ 6.86278865e-02]]

  [[-2.91605234e-01]]

  [[ 8.68947059e-03]]

  [[-1.02115475e-01]]]


 [[[-3.02793443e-01]]

  [[-3.37624192e-01]]

  [[ 3.34794134e-01]]

  [[ 2.90927947e-01]]

  [[ 2.96852201e-01]]

  [[ 1.20537646e-01]]

  [[ 1.79610610e-01]]

  [[ 1.96480215e-01]]]


 [[[ 2.48469666e-01]]

  [[ 7.64673278e-02]]

  [[ 3.34857032e-02]]

  [[ 2.60391235e-01]]

  [[ 1.74297318e-01]]

  [[-2.25420937e-01]]

  [[ 2.20282063e-01]]

  [[ 3.89639467e-01]]]


 [[[-1.47382483e-01]]

  [[-3.59053820e-01]]

  [[-6.28794432e-02]]

  [[-2.27154434e-01]]

  [[ 3.19892943e-01]]

  [[-5.97806424e-02]]

  [[-1.66706219e-01]]

  [[ 2.44288117e-01]]]


 [[[ 1.46195501e-01]]

  [[ 7.16129541e-02]]

  [[ 3.27240646e-01]]

  [[-3.73720199e-01]]

  [[ 1.38090178e-01]]

  [[-1.42105967e-01]]

  [[ 1.20825216e-01]]

  [[-2.17147678e-01]]]


 [[[ 3.43325347e-01]]

  [[ 1.19579174e-02]]

  [[ 2.39556246e-02]]

  [[-2.86087930e-01]]

  [[ 1.86627924e-01]]

  [[-3.70222777e-01]]

  [[ 2.17181310e-01]]

  [[ 2.38784373e-01]]]


 [[[ 3.30707222e-01]]

  [[ 2.17793390e-01]]

  [[-1.62777290e-01]]

  [[ 1.06034756e-01]]

  [[ 1.30442575e-01]]

  [[-3.57250929e-01]]

  [[ 1.69878259e-01]]

  [[-2.76716262e-01]]]


 [[[ 7.75277689e-02]]

  [[ 2.88510263e-01]]

  [[-1.17248014e-01]]

  [[ 6.51237592e-02]]

  [[ 3.12298954e-01]]

  [[ 3.26733440e-01]]

  [[ 2.97416836e-01]]

  [[-2.58587837e-01]]]


 [[[ 1.08837739e-01]]

  [[-2.91894794e-01]]

  [[ 9.55840349e-02]]

  [[-3.62911284e-01]]

  [[ 7.68731609e-02]]

  [[ 1.76721424e-01]]

  [[-3.46275896e-01]]

  [[-3.05212662e-02]]]


 [[[-1.73502743e-01]]

  [[ 2.83873379e-01]]

  [[-4.35725078e-02]]

  [[ 2.42950693e-01]]

  [[-3.11687142e-01]]

  [[ 1.09609403e-01]]

  [[ 2.69748688e-01]]

  [[-4.87785693e-03]]]


 [[[-1.26821846e-01]]

  [[-1.33941963e-01]]

  [[ 2.43139297e-01]]

  [[ 1.33195177e-01]]

  [[ 4.62096632e-02]]

  [[ 1.80788308e-01]]

  [[-1.78464964e-01]]

  [[-2.19038829e-01]]]


 [[[-6.85696676e-02]]

  [[ 2.52521098e-01]]

  [[-3.72369081e-01]]

  [[-1.48046628e-01]]

  [[ 7.97045082e-02]]

  [[ 1.21980265e-01]]

  [[ 1.85137525e-01]]

  [[ 1.18663520e-01]]]


 [[[-3.09335500e-01]]

  [[-1.09950148e-01]]

  [[ 1.88792691e-01]]

  [[ 9.97132212e-02]]

  [[ 1.56565502e-01]]

  [[ 3.00924689e-01]]

  [[ 2.01829821e-01]]

  [[-2.05439016e-01]]]]

